59
Orycteropus_afer 0.000000 0.227892 0.223491 0.212116 0.226300 0.275596 0.253265 0.276579 0.257244 0.278264 0.225317 0.284490 0.243481 0.209494 0.253312 0.235242 0.258789 0.224100 0.261036 0.277983 0.257806 0.213660 0.263237 0.224100 0.215252 0.228875 0.240110 0.253031 0.227705 0.220121 0.237489 0.226019 0.233884 0.278170 0.268854 0.224100 0.224100 0.238612 0.227564 0.213286 0.275923 0.231918 0.238378 0.220917 0.230420 0.225551 0.237395 0.233884 0.234259 0.240532 0.221525 0.263096 0.233416 0.252001 0.248256 0.278873 0.256589 0.212256 0.255325
Loxodonta_africana 0.227892 0.000000 0.243294 0.236833 0.249520 0.293011 0.277421 0.298816 0.274472 0.292496 0.245962 0.307383 0.263564 0.207200 0.263845 0.257947 0.282571 0.248022 0.282384 0.305557 0.276626 0.232667 0.277328 0.245401 0.238285 0.248022 0.266888 0.274051 0.251861 0.242732 0.260053 0.242264 0.259913 0.295960 0.288844 0.249754 0.249848 0.261879 0.255700 0.239689 0.299237 0.248256 0.264360 0.250737 0.259351 0.240438 0.255185 0.251440 0.257666 0.264594 0.243013 0.280371 0.254997 0.273349 0.273957 0.284163 0.274800 0.229250 0.277141
Lama_pacos 0.223491 0.243294 0.000000 0.189411 0.207060 0.272038 0.217031 0.283741 0.241936 0.274706 0.207340 0.259585 0.245962 0.224896 0.257947 0.232058 0.260615 0.210805 0.225411 0.256589 0.254997 0.191424 0.250316 0.176583 0.189223 0.227283 0.242498 0.244371 0.216984 0.212069 0.227330 0.223398 0.236412 0.286035 0.270914 0.224802 0.224989 0.241234 0.232386 0.186134 0.285052 0.209260 0.239174 0.234540 0.203595 0.237114 0.229577 0.245307 0.227330 0.203361 0.198539 0.246852 0.230607 0.242311 0.248818 0.284865 0.243013 0.192734 0.255840
Equus_asinus 0.212116 0.236833 0.189411 0.000000 0.190581 0.269182 0.215205 0.276813 0.236178 0.267450 0.191751 0.246992 0.237489 0.210383 0.250784 0.225738 0.248490 0.196948 0.222555 0.239689 0.246571 0.149197 0.244979 0.183325 0.072749 0.214831 0.235429 0.237255 0.205608 0.186040 0.218670 0.216001 0.229437 0.275877 0.267029 0.210056 0.210430 0.227752 0.221338 0.174056 0.278592 0.196948 0.229858 0.220448 0.199569 0.220402 0.220402 0.236506 0.218342 0.201910 0.181827 0.238940 0.214175 0.230560 0.235897 0.280230 0.231637 0.150742 0.248818
Odobenus_rosmarus_rosmarus 0.226300 0.249520 0.207060 0.190581 0.000000 0.272412 0.234540 0.284256 0.253921 0.279154 0.190066 0.249661 0.248209 0.229437 0.256402 0.236599 0.268293 0.214222 0.242123 0.210524 0.252610 0.195871 0.258836 0.206170 0.190815 0.231684 0.245026 0.251299 0.219840 0.210243 0.230935 0.231450 0.239970 0.290436 0.276204 0.230326 0.230373 0.238846 0.239268 0.196995 0.282524 0.182435 0.245681 0.239127 0.218155 0.231263 0.234399 0.245635 0.229437 0.218155 0.139460 0.257666 0.239736 0.246056 0.243902 0.287299 0.248209 0.197135 0.259585
Tachyglossus_aculeatus 0.275596 0.293011 0.272038 0.269182 0.272412 0.000000 0.275970 0.293011 0.282290 0.277094 0.277609 0.306914 0.288189 0.281260 0.295492 0.265624 0.316465 0.282852 0.282103 0.302888 0.287721 0.271851 0.287299 0.259819 0.270306 0.283226 0.268152 0.281916 0.275643 0.276438 0.271991 0.281588 0.285754 0.293853 0.279949 0.276719 0.276345 0.271008 0.282852 0.267825 0.192922 0.284350 0.292262 0.287955 0.266654 0.278826 0.283507 0.283367 0.271570 0.268433 0.271382 0.282618 0.281682 0.302467 0.274987 0.325874 0.278498 0.271757 0.289078
Bos_taurus 0.253265 0.277421 0.217031 0.215205 0.234540 0.275970 0.000000 0.303029 0.257479 0.286644 0.233276 0.215252 0.269323 0.262628 0.275549 0.241749 0.294368 0.238051 0.173494 0.208324 0.262675 0.223023 0.263892 0.193858 0.216516 0.257104 0.248022 0.256215 0.241515 0.234446 0.242358 0.252189 0.261364 0.306306 0.292355 0.251346 0.251018 0.246899 0.265016 0.207481 0.302888 0.242123 0.268808 0.261317 0.158326 0.265671 0.258789 0.270118 0.244792 0.205140 0.226160 0.258977 0.257104 0.263049 0.255185 0.316558 0.251674 0.222602 0.266701
Trichosurus_vulpecula 0.276579 0.298816 0.283741 0.276813 0.284256 0.293011 0.303029 0.000000 0.298909 0.193718 0.283273 0.331913 0.292589 0.290061 0.305744 0.284584 0.309302 0.280324 0.311736 0.330556 0.301297 0.270961 0.302982 0.279528 0.275268 0.281120 0.282431 0.293572 0.284490 0.281401 0.285474 0.287018 0.282384 0.230233 0.210524 0.278264 0.278451 0.281120 0.286691 0.268339 0.293619 0.287206 0.288797 0.281635 0.285848 0.291793 0.292542 0.294321 0.285848 0.290295 0.279481 0.301859 0.287955 0.301063 0.290015 0.325125 0.300548 0.270867 0.305276
Hylobates_lar 0.257244 0.274472 0.241936 0.236178 0.253921 0.282290 0.257479 0.298909 0.000000 0.291044 0.253968 0.288516 0.267310 0.254997 0.291700 0.249005 0.289359 0.256823 0.261973 0.280886 0.272880 0.236787 0.182248 0.235663 0.235804 0.252095 0.250784 0.144750 0.257291 0.250316 0.255981 0.268246 0.259070 0.310145 0.298067 0.250176 0.250129 0.250222 0.252750 0.239923 0.310238 0.263424 0.265812 0.255138 0.246150 0.267590 0.252142 0.276532 0.251486 0.239034 0.246337 0.153551 0.240532 0.281401 0.256121 0.322363 0.151866 0.237395 0.231778
Macropus_robustus 0.278264 0.292496 0.274706 0.267450 0.279154 0.277094 0.286644 0.193718 0.291044 0.000000 0.279247 0.318618 0.285988 0.282103 0.297224 0.271991 0.315481 0.279107 0.298628 0.316605 0.290108 0.266280 0.294134 0.264313 0.269931 0.284210 0.273302 0.287721 0.278358 0.273817 0.277890 0.285005 0.280979 0.234025 0.206030 0.273161 0.272974 0.269650 0.286269 0.263330 0.292542 0.283320 0.286597 0.284397 0.264548 0.281588 0.286035 0.289968 0.273770 0.275502 0.272600 0.290483 0.283975 0.293479 0.278826 0.324048 0.290951 0.268527 0.295117
Canis_familiaris 0.225317 0.245962 0.207340 0.191751 0.190066 0.277609 0.233276 0.283273 0.253968 0.279247 0.000000 0.247086 0.245541 0.231263 0.254857 0.233744 0.256261 0.209447 0.243902 0.237302 0.253499 0.192922 0.266046 0.205702 0.188615 0.224709 0.247507 0.256917 0.219325 0.212818 0.233042 0.229484 0.248912 0.286831 0.274425 0.228641 0.229437 0.240391 0.240813 0.192641 0.284818 0.181874 0.243668 0.234306 0.217171 0.234025 0.232058 0.240532 0.230279 0.225083 0.180422 0.261177 0.240532 0.237348 0.248443 0.283320 0.252797 0.191330 0.262160
Felis_catus 0.284490 0.307383 0.259585 0.246992 0.249661 0.306914 0.215252 0.331913 0.288516 0.318618 0.247086 0.000000 0.298862 0.288048 0.304667 0.263939 0.321240 0.266888 0.221947 0.185946 0.292683 0.249146 0.296990 0.243575 0.244558 0.282758 0.280324 0.287627 0.269135 0.262909 0.268246 0.278826 0.293385 0.338093 0.321099 0.280605 0.280324 0.276438 0.287065 0.247179 0.339450 0.253172 0.294930 0.286972 0.236646 0.297552 0.290764 0.302420 0.274004 0.255840 0.245354 0.290389 0.286269 0.284116 0.284490 0.345068 0.287440 0.246103 0.296241
Cavia_porcellus 0.243481 0.263564 0.245962 0.237489 0.248209 0.288189 0.269323 0.292589 0.267310 0.285988 0.245541 0.298862 0.000000 0.250035 0.266514 0.236927 0.275549 0.238378 0.272319 0.296147 0.248631 0.234586 0.275034 0.241515 0.239783 0.244932 0.256402 0.267169 0.250550 0.238893 0.257525 0.249895 0.263564 0.293572 0.282758 0.243949 0.244651 0.251346 0.249146 0.238051 0.296054 0.248537 0.257010 0.243153 0.252142 0.250222 0.252189 0.257338 0.258368 0.254295 0.245494 0.269650 0.253546 0.267310 0.254342 0.296615 0.264501 0.236646 0.265390
Dugong_dugon 0.209494 0.207200 0.224896 0.210383 0.229437 0.281260 0.262628 0.290061 0.254997 0.282103 0.231263 0.288048 0.250035 0.000000 0.259351 0.244137 0.261317 0.233135 0.268105 0.281026 0.265390 0.209822 0.265156 0.227377 0.214129 0.230420 0.252235 0.252938 0.240766 0.220402 0.246571 0.230092 0.244745 0.290529 0.281775 0.231497 0.231590 0.245869 0.232012 0.220870 0.286738 0.231450 0.243622 0.231216 0.239034 0.223304 0.233369 0.236084 0.243856 0.244558 0.224240 0.256823 0.237302 0.253968 0.252610 0.278124 0.254997 0.205374 0.262535
Echinosorex_gymnura 0.253312 0.263845 0.257947 0.250784 0.256402 0.295492 0.275549 0.305744 0.291700 0.297224 0.254857 0.304667 0.266514 0.259351 0.000000 0.260194 0.290857 0.246899 0.288236 0.309208 0.274098 0.245588 0.294649 0.259070 0.251814 0.256542 0.265812 0.290623 0.252329 0.250644 0.261271 0.251252 0.277047 0.296522 0.285801 0.261879 0.261926 0.263096 0.270259 0.247179 0.296569 0.258274 0.280090 0.258228 0.255138 0.251908 0.268059 0.259726 0.269089 0.271897 0.250222 0.295819 0.276672 0.251159 0.273068 0.276719 0.285614 0.241609 0.282618
Sciurus_vulgaris 0.235242 0.257947 0.232058 0.225738 0.236599 0.265624 0.241749 0.284584 0.249005 0.271991 0.233744 0.263939 0.236927 0.244137 0.260194 0.000000 0.263049 0.235195 0.249473 0.265671 0.241936 0.224989 0.254295 0.221900 0.226675 0.234586 0.232948 0.245869 0.233510 0.232807 0.240064 0.240345 0.243856 0.283180 0.271476 0.230560 0.230560 0.231824 0.238332 0.222555 0.283414 0.242030 0.238987 0.236038 0.222508 0.242311 0.240485 0.250363 0.236272 0.232433 0.230092 0.251533 0.239549 0.257010 0.238097 0.288376 0.243481 0.226347 0.253827
Lepus_europaeus 0.258789 0.282571 0.260615 0.248490 0.268293 0.316465 0.294368 0.309302 0.289359 0.315481 0.256261 0.321240 0.275549 0.261317 0.290857 0.263049 0.000000 0.260053 0.304855 0.319461 0.296288 0.247414 0.297505 0.266748 0.253453 0.256636 0.276204 0.287206 0.268714 0.265858 0.276064 0.271523 0.271663 0.308974 0.311549 0.252516 0.253172 0.276626 0.244230 0.251159 0.311175 0.264594 0.164225 0.252844 0.274285 0.270821 0.267310 0.280558 0.272366 0.282243 0.260475 0.293713 0.269182 0.287580 0.287065 0.292917 0.289219 0.247367 0.298675
Talpa_europaea 0.224100 0.248022 0.210805 0.196948 0.214222 0.282852 0.238051 0.280324 0.256823 0.279107 0.209447 0.266888 0.238378 0.233135 0.246899 0.235195 0.260053 0.000000 0.252984 0.266888 0.252235 0.194326 0.262394 0.216001 0.199148 0.228828 0.237910 0.255091 0.216329 0.207060 0.229015 0.225411 0.233744 0.281447 0.269229 0.221572 0.222087 0.236646 0.233135 0.199148 0.284116 0.217406 0.238519 0.229109 0.219184 0.232761 0.234820 0.244090 0.230420 0.232761 0.211039 0.262394 0.238285 0.226300 0.246056 0.278077 0.257385 0.199054 0.261177
Balaenoptera_physalus 0.261036 0.282384 0.225411 0.222555 0.242123 0.282103 0.173494 0.311736 0.261973 0.298628 0.243902 0.221947 0.272319 0.268105 0.288236 0.249473 0.304855 0.252984 0.000000 0.216376 0.265999 0.228969 0.265343 0.196058 0.220589 0.263705 0.263096 0.261598 0.249239 0.243294 0.252095 0.260287 0.267497 0.315950 0.299284 0.260428 0.260053 0.257947 0.269416 0.215393 0.313188 0.247741 0.279903 0.270493 0.207902 0.270493 0.266561 0.275408 0.249567 0.166144 0.236833 0.263658 0.262066 0.276907 0.264079 0.328262 0.256027 0.227517 0.272225
Halichoerus_grypus 0.277983 0.305557 0.256589 0.239689 0.210524 0.302888 0.208324 0.330556 0.280886 0.316605 0.237302 0.185946 0.296147 0.281026 0.309208 0.265671 0.319461 0.266888 0.216376 0.000000 0.288470 0.241702 0.290529 0.236412 0.238659 0.281026 0.274893 0.284771 0.269042 0.261224 0.269463 0.280464 0.287908 0.337344 0.319227 0.278826 0.278405 0.272412 0.287346 0.242358 0.333177 0.229765 0.295913 0.290670 0.240953 0.287440 0.284397 0.298582 0.268433 0.246290 0.202893 0.283086 0.282571 0.294555 0.278311 0.344272 0.278124 0.245307 0.296522
Thryonomys_swinderianus 0.257806 0.276626 0.254997 0.246571 0.252610 0.287721 0.262675 0.301297 0.272880 0.290108 0.253499 0.292683 0.248631 0.265390 0.274098 0.241936 0.296288 0.252235 0.265999 0.288470 0.000000 0.249661 0.279341 0.246430 0.247226 0.263471 0.248116 0.270072 0.255887 0.250737 0.259726 0.264079 0.269369 0.304433 0.288844 0.256730 0.257010 0.246477 0.269838 0.245822 0.309115 0.261973 0.274144 0.267356 0.245541 0.263564 0.266280 0.264641 0.254857 0.253078 0.249146 0.270914 0.263799 0.280605 0.253687 0.309162 0.262956 0.247179 0.267403
Rhinoceros_unicornis 0.213660 0.232667 0.191424 0.149197 0.195871 0.271851 0.223023 0.270961 0.236787 0.266280 0.192922 0.249146 0.234586 0.209822 0.245588 0.224989 0.247414 0.194326 0.228969 0.241702 0.249661 0.000000 0.246571 0.188053 0.146810 0.214644 0.235335 0.236599 0.211507 0.192734 0.219278 0.209026 0.230420 0.273770 0.265624 0.209260 0.210009 0.232012 0.226956 0.180797 0.279013 0.194841 0.232105 0.218342 0.201348 0.224615 0.224475 0.236974 0.223960 0.206872 0.185572 0.242638 0.217359 0.226113 0.237302 0.276953 0.237723 0.106081 0.247928
Papio_hamadryas 0.263237 0.277328 0.250316 0.244979 0.258836 0.287299 0.263892 0.302982 0.182248 0.294134 0.266046 0.296990 0.275034 0.265156 0.294649 0.254295 0.297505 0.262394 0.265343 0.290529 0.279341 0.246571 0.000000 0.240813 0.245307 0.257198 0.255700 0.181874 0.263377 0.258368 0.259304 0.271102 0.270259 0.312766 0.301531 0.256589 0.256308 0.251018 0.260147 0.245541 0.314920 0.271851 0.273770 0.261130 0.253265 0.270259 0.262862 0.279715 0.257057 0.243762 0.255466 0.190441 0.245307 0.287252 0.263705 0.320584 0.192079 0.244464 0.241702
Hippopotamus_amphibius 0.224100 0.245401 0.176583 0.183325 0.206170 0.259819 0.193858 0.279528 0.235663 0.264313 0.205702 0.243575 0.241515 0.227377 0.259070 0.221900 0.266748 0.216001 0.196058 0.236412 0.246430 0.188053 0.240813 0.000000 0.183465 0.229250 0.235523 0.233697 0.217171 0.206919 0.227002 0.227705 0.235523 0.287487 0.273630 0.220917 0.220589 0.232199 0.231778 0.182108 0.284444 0.212022 0.242873 0.236787 0.179954 0.235008 0.228875 0.245401 0.219793 0.179111 0.199008 0.234352 0.227424 0.244651 0.231029 0.291372 0.227237 0.188615 0.243902
Equus_caballus 0.215252 0.238285 0.189223 0.072749 0.190815 0.270306 0.216516 0.275268 0.235804 0.269931 0.188615 0.244558 0.239783 0.214129 0.251814 0.226675 0.253453 0.199148 0.220589 0.238659 0.247226 0.146810 0.245307 0.183465 0.000000 0.216329 0.236646 0.237489 0.208885 0.189083 0.218295 0.217733 0.231590 0.279856 0.268714 0.212256 0.212724 0.226347 0.219606 0.179346 0.281026 0.195028 0.232246 0.222368 0.199288 0.224989 0.223070 0.239081 0.217406 0.203361 0.182669 0.238846 0.219559 0.230982 0.234025 0.282150 0.232667 0.151304 0.248163
Cephalopachus_bancanus 0.228875 0.248022 0.227283 0.214831 0.231684 0.283226 0.257104 0.281120 0.252095 0.284210 0.224709 0.282758 0.244932 0.230420 0.256542 0.234586 0.256636 0.228828 0.263705 0.281026 0.263471 0.214644 0.257198 0.229250 0.216329 0.000000 0.243762 0.247882 0.239689 0.231403 0.245869 0.235429 0.245166 0.282384 0.277656 0.225411 0.225317 0.240953 0.232854 0.222274 0.284865 0.229250 0.240298 0.221993 0.237068 0.235663 0.232199 0.245635 0.237114 0.242685 0.221759 0.253593 0.234446 0.251393 0.252657 0.281916 0.248022 0.215814 0.257479
Mouse 0.240110 0.266888 0.242498 0.235429 0.245026 0.268152 0.248022 0.282431 0.250784 0.273302 0.247507 0.280324 0.256402 0.252235 0.265812 0.232948 0.276204 0.237910 0.263096 0.274893 0.248116 0.235335 0.255700 0.235523 0.236646 0.243762 0.000000 0.250971 0.240017 0.240157 0.239221 0.248677 0.252235 0.283741 0.271336 0.238332 0.238004 0.151725 0.248116 0.233697 0.290764 0.253172 0.255700 0.249005 0.236506 0.251299 0.251252 0.255746 0.233135 0.242919 0.241000 0.258696 0.245869 0.266654 0.198259 0.293526 0.256121 0.237068 0.265437
Homo_sapiens 0.253031 0.274051 0.244371 0.237255 0.251299 0.281916 0.256215 0.293572 0.144750 0.287721 0.256917 0.287627 0.267169 0.252938 0.290623 0.245869 0.287206 0.255091 0.261598 0.284771 0.270072 0.236599 0.181874 0.233697 0.237489 0.247882 0.250971 0.000000 0.257104 0.247460 0.252610 0.261317 0.257853 0.307757 0.297177 0.247226 0.246945 0.243341 0.248537 0.237583 0.308506 0.259679 0.259538 0.249380 0.242685 0.264828 0.250878 0.273770 0.248958 0.240345 0.246711 0.135106 0.238004 0.279575 0.254997 0.314920 0.111746 0.235476 0.230373
Artibeus_jamaicensis 0.227705 0.251861 0.216984 0.205608 0.219840 0.275643 0.241515 0.284490 0.257291 0.278358 0.219325 0.269135 0.250550 0.240766 0.252329 0.233510 0.268714 0.216329 0.249239 0.269042 0.255887 0.211507 0.263377 0.217171 0.208885 0.239689 0.240017 0.257104 0.000000 0.206545 0.234025 0.217593 0.250176 0.289312 0.273910 0.228173 0.228501 0.234680 0.240625 0.207060 0.288048 0.225832 0.246243 0.239315 0.221806 0.243949 0.246571 0.248397 0.235335 0.229343 0.218576 0.261317 0.241140 0.247133 0.244932 0.282150 0.254529 0.210149 0.261926
Pteropus_scapulatus 0.220121 0.242732 0.212069 0.186040 0.210243 0.276438 0.234446 0.281401 0.250316 0.273817 0.212818 0.262909 0.238893 0.220402 0.250644 0.232807 0.265858 0.207060 0.243294 0.261224 0.250737 0.192734 0.258368 0.206919 0.189083 0.231403 0.240157 0.247460 0.206545 0.000000 0.228922 0.208792 0.234727 0.287908 0.272834 0.224568 0.224615 0.232480 0.227283 0.199382 0.288282 0.216329 0.240906 0.230794 0.211601 0.233276 0.226909 0.242311 0.230794 0.221947 0.203361 0.253453 0.235476 0.241281 0.240017 0.277983 0.246758 0.194139 0.257385
Manis_tetradactyla 0.237489 0.260053 0.227330 0.218670 0.230935 0.271991 0.242358 0.285474 0.255981 0.277890 0.233042 0.268246 0.257525 0.246571 0.261271 0.240064 0.276064 0.229015 0.252095 0.269463 0.259726 0.219278 0.259304 0.227002 0.218295 0.245869 0.239221 0.252610 0.234025 0.228922 0.000000 0.238191 0.245073 0.288048 0.277749 0.238051 0.237817 0.237114 0.242919 0.217171 0.286597 0.234540 0.249146 0.243481 0.223023 0.256215 0.246524 0.258321 0.239361 0.235429 0.228126 0.262160 0.243622 0.258087 0.251393 0.288470 0.260568 0.221853 0.267263
Chalinolobus_tuberculatus 0.226019 0.242264 0.223398 0.216001 0.231450 0.281588 0.252189 0.287018 0.268246 0.285005 0.229484 0.278826 0.249895 0.230092 0.251252 0.240345 0.271523 0.225411 0.260287 0.280464 0.264079 0.209026 0.271102 0.227705 0.217733 0.235429 0.248677 0.261317 0.217593 0.208792 0.238191 0.000000 0.252469 0.285708 0.273115 0.233650 0.233791 0.244745 0.241889 0.218716 0.286738 0.230982 0.251627 0.230794 0.229109 0.241328 0.245635 0.247086 0.247320 0.240625 0.222836 0.269089 0.250410 0.248771 0.255466 0.272600 0.263892 0.207809 0.268105
Dasypus_novemcinctus 0.233884 0.259913 0.236412 0.229437 0.239970 0.285754 0.261364 0.282384 0.259070 0.280979 0.248912 0.293385 0.263564 0.244745 0.277047 0.243856 0.271663 0.233744 0.267497 0.287908 0.269369 0.230420 0.270259 0.235523 0.231590 0.245166 0.252235 0.257853 0.250176 0.234727 0.245073 0.252469 0.000000 0.283835 0.288329 0.232761 0.232105 0.249661 0.241234 0.223632 0.291934 0.251861 0.249005 0.247086 0.241609 0.254482 0.247601 0.266888 0.226628 0.247835 0.236974 0.266561 0.242498 0.269650 0.258743 0.296803 0.264454 0.231965 0.279013
Didelphis_virginiana 0.278170 0.295960 0.286035 0.275877 0.290436 0.293853 0.306306 0.230233 0.310145 0.234025 0.286831 0.338093 0.293572 0.290529 0.296522 0.283180 0.308974 0.281447 0.315950 0.337344 0.304433 0.273770 0.312766 0.287487 0.279856 0.282384 0.283741 0.307757 0.289312 0.287908 0.288048 0.285708 0.283835 0.000000 0.219138 0.279247 0.279575 0.285988 0.293385 0.278077 0.285005 0.289125 0.295679 0.285614 0.286269 0.287487 0.294228 0.289734 0.282009 0.297318 0.289078 0.314077 0.296943 0.299284 0.298113 0.312251 0.308225 0.278217 0.303872
Isoodon_macrourus 0.268854 0.288844 0.270914 0.267029 0.276204 0.279949 0.292355 0.210524 0.298067 0.206030 0.274425 0.321099 0.282758 0.281775 0.285801 0.271476 0.311549 0.269229 0.299284 0.319227 0.288844 0.265624 0.301531 0.273630 0.268714 0.277656 0.271336 0.297177 0.273910 0.272834 0.277749 0.273115 0.288329 0.219138 0.000000 0.270259 0.270493 0.275174 0.286597 0.265250 0.280979 0.280558 0.291653 0.280090 0.271616 0.278920 0.285848 0.276064 0.281120 0.283086 0.272131 0.300969 0.289921 0.286035 0.282805 0.310987 0.294321 0.269603 0.291185
AF217811.1_Tupaia_belangeri 0.224100 0.249754 0.224802 0.210056 0.230326 0.276719 0.251346 0.278264 0.250176 0.273161 0.228641 0.280605 0.243949 0.231497 0.261879 0.230560 0.252516 0.221572 0.260428 0.278826 0.256730 0.209260 0.256589 0.220917 0.212256 0.225411 0.238332 0.247226 0.228173 0.224568 0.238051 0.233650 0.232761 0.279247 0.270259 0.000000 0.001826 0.237114 0.224334 0.213380 0.283788 0.234727 0.231497 0.234680 0.234867 0.237348 0.231216 0.252142 0.231731 0.238800 0.225973 0.252891 0.229718 0.247928 0.243668 0.286925 0.249239 0.213707 0.258134
AJ421453.1_Tupaia_belangeri 0.224100 0.249848 0.224989 0.210430 0.230373 0.276345 0.251018 0.278451 0.250129 0.272974 0.229437 0.280324 0.244651 0.231590 0.261926 0.230560 0.253172 0.222087 0.260053 0.278405 0.257010 0.210009 0.256308 0.220589 0.212724 0.225317 0.238004 0.246945 0.228501 0.224615 0.237817 0.233791 0.232105 0.279575 0.270493 0.001826 0.000000 0.236693 0.224475 0.213848 0.284022 0.235242 0.231871 0.234540 0.234633 0.238004 0.231450 0.252189 0.231497 0.238706 0.225973 0.252844 0.229999 0.248303 0.243387 0.286831 0.249520 0.214222 0.258321
Rattus_norvegicus 0.238612 0.261879 0.241234 0.227752 0.238846 0.271008 0.246899 0.281120 0.250222 0.269650 0.240391 0.276438 0.251346 0.245869 0.263096 0.231824 0.276626 0.236646 0.257947 0.272412 0.246477 0.232012 0.251018 0.232199 0.226347 0.240953 0.151725 0.243341 0.234680 0.232480 0.237114 0.244745 0.249661 0.285988 0.275174 0.237114 0.236693 0.000000 0.242170 0.229203 0.292121 0.247741 0.252048 0.246852 0.233369 0.247975 0.246571 0.255372 0.232246 0.240485 0.234165 0.253172 0.247788 0.264782 0.190487 0.293760 0.254763 0.231918 0.262628
Ochotona_collaris 0.227564 0.255700 0.232386 0.221338 0.239268 0.282852 0.265016 0.286691 0.252750 0.286269 0.240813 0.287065 0.249146 0.232012 0.270259 0.238332 0.244230 0.233135 0.269416 0.287346 0.269838 0.226956 0.260147 0.231778 0.219606 0.232854 0.248116 0.248537 0.240625 0.227283 0.242919 0.241889 0.241234 0.293385 0.286597 0.224334 0.224475 0.242170 0.000000 0.222555 0.284959 0.242919 0.223070 0.232620 0.243902 0.246524 0.240345 0.253499 0.242170 0.247226 0.234259 0.257619 0.236459 0.265484 0.244651 0.295492 0.256027 0.223725 0.266280
Sus_scrofa 0.213286 0.239689 0.186134 0.174056 0.196995 0.267825 0.207481 0.268339 0.239923 0.263330 0.192641 0.247179 0.238051 0.220870 0.247179 0.222555 0.251159 0.199148 0.215393 0.242358 0.245822 0.180797 0.245541 0.182108 0.179346 0.222274 0.233697 0.237583 0.207060 0.199382 0.217171 0.218716 0.223632 0.278077 0.265250 0.213380 0.213848 0.229203 0.222555 0.000000 0.274613 0.198586 0.232339 0.224475 0.188989 0.228922 0.221478 0.238987 0.214082 0.196573 0.188708 0.242498 0.219231 0.229858 0.238753 0.278451 0.236740 0.182108 0.252235
Ornithorhynchus_anatinus 0.275923 0.299237 0.285052 0.278592 0.282524 0.192922 0.302888 0.293619 0.310238 0.292542 0.284818 0.339450 0.296054 0.286738 0.296569 0.283414 0.311175 0.284116 0.313188 0.333177 0.309115 0.279013 0.314920 0.284444 0.281026 0.284865 0.290764 0.308506 0.288048 0.288282 0.286597 0.286738 0.291934 0.285005 0.280979 0.283788 0.284022 0.292121 0.284959 0.274613 0.000000 0.284771 0.296334 0.285520 0.290810 0.286925 0.291700 0.287955 0.287767 0.294462 0.280792 0.314732 0.293760 0.304714 0.296849 0.319554 0.305323 0.280464 0.311783
Ursus_maritimus 0.231918 0.248256 0.209260 0.196948 0.182435 0.284350 0.242123 0.287206 0.263424 0.283320 0.181874 0.253172 0.248537 0.231450 0.258274 0.242030 0.264594 0.217406 0.247741 0.229765 0.261973 0.194841 0.271851 0.212022 0.195028 0.229250 0.253172 0.259679 0.225832 0.216329 0.234540 0.230982 0.251861 0.289125 0.280558 0.234727 0.235242 0.247741 0.242919 0.198586 0.284771 0.000000 0.248771 0.242077 0.224521 0.240251 0.240298 0.247928 0.235616 0.225973 0.174758 0.265905 0.243481 0.246477 0.255840 0.286550 0.255840 0.195122 0.269744
Oryctolagus_cuniculus 0.238378 0.264360 0.239174 0.229858 0.245681 0.292262 0.268808 0.288797 0.265812 0.286597 0.243668 0.294930 0.257010 0.243622 0.280090 0.238987 0.164225 0.238519 0.279903 0.295913 0.274144 0.232105 0.273770 0.242873 0.232246 0.240298 0.255700 0.259538 0.246243 0.240906 0.249146 0.251627 0.249005 0.295679 0.291653 0.231497 0.231871 0.252048 0.223070 0.232339 0.296334 0.248771 0.000000 0.240157 0.247460 0.254014 0.248818 0.267450 0.248209 0.257994 0.238191 0.267076 0.245073 0.269135 0.261926 0.281354 0.263799 0.232105 0.275408
Lemur_catta 0.220917 0.250737 0.234540 0.220448 0.239127 0.287955 0.261317 0.281635 0.255138 0.284397 0.234306 0.286972 0.243153 0.231216 0.258228 0.236038 0.252844 0.229109 0.270493 0.290670 0.267356 0.218342 0.261130 0.236787 0.222368 0.221993 0.249005 0.249380 0.239315 0.230794 0.243481 0.230794 0.247086 0.285614 0.280090 0.234680 0.234540 0.246852 0.232620 0.224475 0.285520 0.242077 0.240157 0.000000 0.240064 0.242592 0.224709 0.247882 0.248677 0.246852 0.232433 0.256589 0.232152 0.255934 0.255419 0.277375 0.253640 0.217406 0.251393
Ovis_aries 0.230420 0.259351 0.203595 0.199569 0.218155 0.266654 0.158326 0.285848 0.246150 0.264548 0.217171 0.236646 0.252142 0.239034 0.255138 0.222508 0.274285 0.219184 0.207902 0.240953 0.245541 0.201348 0.253265 0.179954 0.199288 0.237068 0.236506 0.242685 0.221806 0.211601 0.223023 0.229109 0.241609 0.286269 0.271616 0.234867 0.234633 0.233369 0.243902 0.188989 0.290810 0.224521 0.247460 0.240064 0.000000 0.247179 0.241234 0.252469 0.230935 0.199382 0.211273 0.244371 0.240953 0.231450 0.240579 0.293385 0.240860 0.201863 0.246477
Macroscelides_proboscideus 0.225551 0.240438 0.237114 0.220402 0.231263 0.278826 0.265671 0.291793 0.267590 0.281588 0.234025 0.297552 0.250222 0.223304 0.251908 0.242311 0.270821 0.232761 0.270493 0.287440 0.263564 0.224615 0.270259 0.235008 0.224989 0.235663 0.251299 0.264828 0.243949 0.233276 0.256215 0.241328 0.254482 0.287487 0.278920 0.237348 0.238004 0.247975 0.246524 0.228922 0.286925 0.240251 0.254014 0.242592 0.247179 0.000000 0.243294 0.239689 0.237348 0.251580 0.231497 0.270821 0.251767 0.253687 0.249146 0.282758 0.261224 0.222696 0.269650
Nycticebus_coucang 0.237395 0.255185 0.229577 0.220402 0.234399 0.283507 0.258789 0.292542 0.252142 0.286035 0.232058 0.290764 0.252189 0.233369 0.268059 0.240485 0.267310 0.234820 0.266561 0.284397 0.266280 0.224475 0.262862 0.228875 0.223070 0.232199 0.251252 0.250878 0.246571 0.226909 0.246524 0.245635 0.247601 0.294228 0.285848 0.231216 0.231450 0.246571 0.240345 0.221478 0.291700 0.240298 0.248818 0.224709 0.241234 0.243294 0.000000 0.253733 0.241281 0.246243 0.226768 0.252610 0.237723 0.265390 0.252376 0.292917 0.247835 0.223304 0.258649
Echinops_telfairi 0.233884 0.251440 0.245307 0.236506 0.245635 0.283367 0.270118 0.294321 0.276532 0.289968 0.240532 0.302420 0.257338 0.236084 0.259726 0.250363 0.280558 0.244090 0.275408 0.298582 0.264641 0.236974 0.279715 0.245401 0.239081 0.245635 0.255746 0.273770 0.248397 0.242311 0.258321 0.247086 0.266888 0.289734 0.276064 0.252142 0.252189 0.255372 0.253499 0.238987 0.287955 0.247928 0.267450 0.247882 0.252469 0.239689 0.253733 0.000000 0.249941 0.257853 0.242919 0.279388 0.256683 0.268199 0.260334 0.288142 0.265437 0.237957 0.272693
Tamandua_tetradactyla 0.234259 0.257666 0.227330 0.218342 0.229437 0.271570 0.244792 0.285848 0.251486 0.273770 0.230279 0.274004 0.258368 0.243856 0.269089 0.236272 0.272366 0.230420 0.249567 0.268433 0.254857 0.223960 0.257057 0.219793 0.217406 0.237114 0.233135 0.248958 0.235335 0.230794 0.239361 0.247320 0.226628 0.282009 0.281120 0.231731 0.231497 0.232246 0.242170 0.214082 0.287767 0.235616 0.248209 0.248677 0.230935 0.237348 0.241281 0.249941 0.000000 0.228454 0.223772 0.257198 0.244137 0.262300 0.241515 0.293666 0.251393 0.226534 0.262909
Physeter_macrocephalus 0.240532 0.264594 0.203361 0.201910 0.218155 0.268433 0.205140 0.290295 0.239034 0.275502 0.225083 0.255840 0.254295 0.244558 0.271897 0.232433 0.282243 0.232761 0.166144 0.246290 0.253078 0.206872 0.243762 0.179111 0.203361 0.242685 0.242919 0.240345 0.229343 0.221947 0.235429 0.240625 0.247835 0.297318 0.283086 0.238800 0.238706 0.240485 0.247226 0.196573 0.294462 0.225973 0.257994 0.246852 0.199382 0.251580 0.246243 0.257853 0.228454 0.000000 0.213848 0.243200 0.237302 0.258836 0.243622 0.309021 0.236833 0.207528 0.258743
Eumetopias_jubatus 0.221525 0.243013 0.198539 0.181827 0.139460 0.271382 0.226160 0.279481 0.246337 0.272600 0.180422 0.245354 0.245494 0.224240 0.250222 0.230092 0.260475 0.211039 0.236833 0.202893 0.249146 0.185572 0.255466 0.199008 0.182669 0.221759 0.241000 0.246711 0.218576 0.203361 0.228126 0.222836 0.236974 0.289078 0.272131 0.225973 0.225973 0.234165 0.234259 0.188708 0.280792 0.174758 0.238191 0.232433 0.211273 0.231497 0.226768 0.242919 0.223772 0.213848 0.000000 0.251720 0.230420 0.239876 0.241187 0.282805 0.242311 0.187117 0.254904
Pongo_abelii 0.263096 0.280371 0.246852 0.238940 0.257666 0.282618 0.258977 0.301859 0.153551 0.290483 0.261177 0.290389 0.269650 0.256823 0.295819 0.251533 0.293713 0.262394 0.263658 0.283086 0.270914 0.242638 0.190441 0.234352 0.238846 0.253593 0.258696 0.135106 0.261317 0.253453 0.262160 0.269089 0.266561 0.314077 0.300969 0.252891 0.252844 0.253172 0.257619 0.242498 0.314732 0.265905 0.267076 0.256589 0.244371 0.270821 0.252610 0.279388 0.257198 0.243200 0.251720 0.000000 0.242170 0.285099 0.256402 0.325687 0.137353 0.241000 0.232012
Cynocephalus_variegatus 0.233416 0.254997 0.230607 0.214175 0.239736 0.281682 0.257104 0.287955 0.240532 0.283975 0.240532 0.286269 0.253546 0.237302 0.276672 0.239549 0.269182 0.238285 0.262066 0.282571 0.263799 0.217359 0.245307 0.227424 0.219559 0.234446 0.245869 0.238004 0.241140 0.235476 0.243622 0.250410 0.242498 0.296943 0.289921 0.229718 0.229999 0.247788 0.236459 0.219231 0.293760 0.243481 0.245073 0.232152 0.240953 0.251767 0.237723 0.256683 0.244137 0.237302 0.230420 0.242170 0.000000 0.264875 0.256683 0.299284 0.241749 0.221853 0.260381
Soriculus_fumidus 0.252001 0.273349 0.242311 0.230560 0.246056 0.302467 0.263049 0.301063 0.281401 0.293479 0.237348 0.284116 0.267310 0.253968 0.251159 0.257010 0.287580 0.226300 0.276907 0.294555 0.280605 0.226113 0.287252 0.244651 0.230982 0.251393 0.266654 0.279575 0.247133 0.241281 0.258087 0.248771 0.269650 0.299284 0.286035 0.247928 0.248303 0.264782 0.265484 0.229858 0.304714 0.246477 0.269135 0.255934 0.231450 0.253687 0.265390 0.268199 0.262300 0.258836 0.239876 0.285099 0.264875 0.000000 0.274051 0.289921 0.281120 0.223538 0.277609
Microtus_kikuchii 0.248256 0.273957 0.248818 0.235897 0.243902 0.274987 0.255185 0.290015 0.256121 0.278826 0.248443 0.284490 0.254342 0.252610 0.273068 0.238097 0.287065 0.246056 0.264079 0.278311 0.253687 0.237302 0.263705 0.231029 0.234025 0.252657 0.198259 0.254997 0.244932 0.240017 0.251393 0.255466 0.258743 0.298113 0.282805 0.243668 0.243387 0.190487 0.244651 0.238753 0.296849 0.255840 0.261926 0.255419 0.240579 0.249146 0.252376 0.260334 0.241515 0.243622 0.241187 0.256402 0.256683 0.274051 0.000000 0.307336 0.252469 0.236927 0.266139
Erinaceus_europaeus 0.278873 0.284163 0.284865 0.280230 0.287299 0.325874 0.316558 0.325125 0.322363 0.324048 0.283320 0.345068 0.296615 0.278124 0.276719 0.288376 0.292917 0.278077 0.328262 0.344272 0.309162 0.276953 0.320584 0.291372 0.282150 0.281916 0.293526 0.314920 0.282150 0.277983 0.288470 0.272600 0.296803 0.312251 0.310987 0.286925 0.286831 0.293760 0.295492 0.278451 0.319554 0.286550 0.281354 0.277375 0.293385 0.282758 0.292917 0.288142 0.293666 0.309021 0.282805 0.325687 0.299284 0.289921 0.307336 0.000000 0.315903 0.274425 0.315950
Gorilla_gorilla_gorilla 0.256589 0.274800 0.243013 0.231637 0.248209 0.278498 0.251674 0.300548 0.151866 0.290951 0.252797 0.287440 0.264501 0.254997 0.285614 0.243481 0.289219 0.257385 0.256027 0.278124 0.262956 0.237723 0.192079 0.227237 0.232667 0.248022 0.256121 0.111746 0.254529 0.246758 0.260568 0.263892 0.264454 0.308225 0.294321 0.249239 0.249520 0.254763 0.256027 0.236740 0.305323 0.255840 0.263799 0.253640 0.240860 0.261224 0.247835 0.265437 0.251393 0.236833 0.242311 0.137353 0.241749 0.281120 0.252469 0.315903 0.000000 0.234774 0.226488
Ceratotherium_simum 0.212256 0.229250 0.192734 0.150742 0.197135 0.271757 0.222602 0.270867 0.237395 0.268527 0.191330 0.246103 0.236646 0.205374 0.241609 0.226347 0.247367 0.199054 0.227517 0.245307 0.247179 0.106081 0.244464 0.188615 0.151304 0.215814 0.237068 0.235476 0.210149 0.194139 0.221853 0.207809 0.231965 0.278217 0.269603 0.213707 0.214222 0.231918 0.223725 0.182108 0.280464 0.195122 0.232105 0.217406 0.201863 0.222696 0.223304 0.237957 0.226534 0.207528 0.187117 0.241000 0.221853 0.223538 0.236927 0.274425 0.234774 0.000000 0.244464
Cebus_albifrons 0.255325 0.277141 0.255840 0.248818 0.259585 0.289078 0.266701 0.305276 0.231778 0.295117 0.262160 0.296241 0.265390 0.262535 0.282618 0.253827 0.298675 0.261177 0.272225 0.296522 0.267403 0.247928 0.241702 0.243902 0.248163 0.257479 0.265437 0.230373 0.261926 0.257385 0.267263 0.268105 0.279013 0.303872 0.291185 0.258134 0.258321 0.262628 0.266280 0.252235 0.311783 0.269744 0.275408 0.251393 0.246477 0.269650 0.258649 0.272693 0.262909 0.258743 0.254904 0.232012 0.260381 0.277609 0.266139 0.315950 0.226488 0.244464 0.000000
