49
AF499637_HEV_cva_13 0.000000 0.199650 0.510508 0.453152 0.454466 0.459282 0.462347 0.515324 0.505254 0.513573 0.514886 0.510508 0.508757 0.518389 0.514010 0.515762 0.514448 0.508757 0.530210 0.531524 0.510508 0.515324 0.465849 0.534151 0.527145 0.510508 0.461471 0.516200 0.507443 0.503940 0.504816 0.505254 0.505692 0.520140 0.513135 0.505692 0.519264 0.513573 0.513135 0.455342 0.454466 0.515762 0.512697 0.468914 0.453590 0.503940 0.506567 0.457531 0.155867
AF546702_HEV_cva_21 0.199650 0.000000 0.518389 0.447898 0.445271 0.444834 0.451401 0.517075 0.514448 0.515762 0.517951 0.511384 0.510070 0.517951 0.521891 0.519702 0.511384 0.511821 0.528897 0.521454 0.507881 0.515324 0.448336 0.530648 0.522329 0.509632 0.454904 0.517075 0.510070 0.508319 0.509194 0.508757 0.507443 0.524081 0.517951 0.510070 0.519264 0.515324 0.517951 0.440893 0.450963 0.513573 0.514448 0.457531 0.446147 0.505692 0.513573 0.449212 0.192644
AY751783_A_hrv_39 0.510508 0.518389 0.000000 0.481611 0.474168 0.479860 0.482925 0.161559 0.167250 0.141856 0.151051 0.117338 0.245184 0.258319 0.267075 0.263135 0.172067 0.158056 0.458406 0.465849 0.153678 0.259632 0.477671 0.463660 0.464098 0.154116 0.478546 0.316550 0.172942 0.148862 0.166375 0.172942 0.128284 0.316988 0.276270 0.156305 0.275394 0.142294 0.277583 0.479422 0.482925 0.267951 0.161559 0.473292 0.479422 0.150613 0.241243 0.481173 0.515762
DQ473485_B_hrv_03 0.453152 0.447898 0.481611 0.000000 0.103765 0.172504 0.221541 0.480298 0.480298 0.487741 0.486865 0.481173 0.482487 0.481173 0.482925 0.486427 0.481173 0.490806 0.508757 0.500438 0.484238 0.477671 0.224606 0.502627 0.515324 0.478984 0.226357 0.489492 0.481611 0.486865 0.484238 0.480736 0.487303 0.489930 0.487303 0.489054 0.487303 0.483363 0.486865 0.123468 0.105954 0.480736 0.479422 0.231173 0.132224 0.484238 0.484676 0.109457 0.454466
DQ473486_B_hrv_06 0.454466 0.445271 0.474168 0.103765 0.000000 0.175569 0.221103 0.472855 0.478546 0.484238 0.480298 0.474606 0.476357 0.468914 0.478546 0.481611 0.474168 0.484676 0.506130 0.494308 0.476795 0.469352 0.222417 0.498687 0.510946 0.470665 0.226357 0.485114 0.476357 0.479422 0.479422 0.474168 0.476357 0.485114 0.482049 0.484238 0.484676 0.479422 0.482925 0.107268 0.099825 0.473730 0.472855 0.225482 0.127846 0.477233 0.478984 0.101576 0.457093
DQ473488_B_hrv_48 0.459282 0.444834 0.479860 0.172504 0.175569 0.000000 0.216287 0.478546 0.482487 0.489492 0.490806 0.479860 0.481173 0.478546 0.485114 0.485989 0.483363 0.485989 0.510070 0.503065 0.482925 0.476357 0.222417 0.501751 0.514448 0.478109 0.214974 0.487741 0.483363 0.485989 0.484238 0.483800 0.481173 0.488179 0.485552 0.485552 0.489492 0.483800 0.485114 0.174694 0.178196 0.484238 0.481173 0.230736 0.170753 0.483363 0.483800 0.169002 0.454028
DQ473490_B_hrv_04 0.462347 0.451401 0.482925 0.221541 0.221103 0.216287 0.000000 0.471541 0.479860 0.486865 0.482049 0.477233 0.472417 0.475919 0.485552 0.485552 0.478546 0.484238 0.512259 0.505692 0.479860 0.467601 0.156305 0.506567 0.517513 0.473730 0.095884 0.486865 0.473730 0.479860 0.480298 0.476795 0.474606 0.485989 0.482049 0.478546 0.482487 0.477233 0.483800 0.218476 0.224606 0.478546 0.474606 0.164186 0.216287 0.482925 0.476795 0.220665 0.462347
DQ473491_A_hrv_41 0.515324 0.517075 0.161559 0.480298 0.472855 0.478546 0.471541 0.000000 0.152802 0.179072 0.180385 0.170753 0.242119 0.265762 0.262697 0.267951 0.149299 0.167250 0.458844 0.469790 0.157618 0.267513 0.473730 0.468476 0.467163 0.169002 0.471541 0.322680 0.144483 0.158932 0.142732 0.140105 0.166375 0.318301 0.271016 0.158056 0.268827 0.174256 0.274518 0.473730 0.483363 0.261384 0.167688 0.471103 0.475044 0.158494 0.245622 0.475044 0.516638
DQ473493_A_hrv_15 0.505254 0.514448 0.167250 0.480298 0.478546 0.482487 0.479860 0.152802 0.000000 0.180823 0.179510 0.167688 0.234238 0.259194 0.255692 0.259194 0.138792 0.150613 0.467163 0.471103 0.153678 0.264448 0.477671 0.472855 0.471541 0.161121 0.478546 0.318739 0.113398 0.150175 0.120403 0.121278 0.164186 0.318739 0.263573 0.126532 0.264011 0.172942 0.266637 0.475482 0.485552 0.257443 0.168126 0.478109 0.470228 0.151489 0.238179 0.476357 0.510070
DQ473496_A_hrv_49 0.513573 0.515762 0.141856 0.487741 0.484238 0.489492 0.486865 0.179072 0.180823 0.000000 0.183888 0.175569 0.258319 0.278021 0.279772 0.281086 0.185639 0.170753 0.459720 0.474606 0.168564 0.290280 0.483800 0.468039 0.467601 0.178634 0.483363 0.330998 0.180385 0.162872 0.182137 0.183888 0.174694 0.334939 0.291156 0.172067 0.286778 0.185201 0.284151 0.486865 0.489492 0.281086 0.184764 0.479860 0.482487 0.158056 0.272767 0.485114 0.516200
DQ473499_A_hrv_44 0.514886 0.517951 0.151051 0.486865 0.480298 0.490806 0.482049 0.180385 0.179510 0.183888 0.000000 0.133538 0.248687 0.273205 0.278021 0.271016 0.177320 0.146673 0.464974 0.469790 0.150175 0.278021 0.480736 0.476357 0.468476 0.161121 0.482487 0.325744 0.181261 0.131349 0.182574 0.184326 0.120841 0.324869 0.286340 0.161121 0.281086 0.115587 0.287215 0.485989 0.488616 0.277145 0.172942 0.477671 0.484676 0.138792 0.250000 0.485114 0.521891
DQ473500_A_hrv_59 0.510508 0.511384 0.117338 0.481173 0.474606 0.479860 0.477233 0.170753 0.167688 0.175569 0.133538 0.000000 0.239930 0.262259 0.269264 0.261821 0.167688 0.137478 0.459720 0.468476 0.134413 0.262697 0.475482 0.466725 0.462347 0.155867 0.476357 0.313047 0.166375 0.128722 0.169877 0.174256 0.098074 0.313923 0.272329 0.153678 0.268827 0.120403 0.277145 0.474606 0.481173 0.270140 0.155429 0.471979 0.472855 0.125657 0.242557 0.475482 0.516200
DQ473504_A_hrv_88 0.508757 0.510070 0.245184 0.482487 0.476357 0.481173 0.472417 0.242119 0.234238 0.258319 0.248687 0.239930 0.000000 0.257005 0.262697 0.262259 0.248249 0.232925 0.464974 0.466287 0.233800 0.260946 0.480298 0.465849 0.468039 0.231611 0.474606 0.311296 0.235989 0.235989 0.238616 0.237303 0.237303 0.312172 0.267075 0.241681 0.263573 0.240806 0.266637 0.475044 0.482049 0.255254 0.232049 0.471979 0.476795 0.236427 0.244308 0.476357 0.513573
DQ473506_A_hrv_46 0.518389 0.517951 0.258319 0.481173 0.468914 0.478546 0.475919 0.265762 0.259194 0.278021 0.273205 0.262259 0.257005 0.000000 0.101138 0.137478 0.269264 0.260946 0.456655 0.459282 0.255254 0.230736 0.476795 0.461471 0.458406 0.265762 0.478546 0.292907 0.265324 0.257881 0.257443 0.262259 0.260508 0.293345 0.164623 0.255254 0.161559 0.267513 0.165061 0.474606 0.482487 0.123905 0.258757 0.467601 0.470228 0.255254 0.232925 0.479860 0.520578
DQ473507_A_hrv_53 0.514010 0.521891 0.267075 0.482925 0.478546 0.485114 0.485552 0.262697 0.255692 0.279772 0.278021 0.269264 0.262697 0.101138 0.000000 0.096760 0.262697 0.262259 0.464974 0.464974 0.257005 0.238179 0.479860 0.465412 0.465412 0.269702 0.485552 0.304291 0.257881 0.255254 0.255254 0.259632 0.260946 0.299912 0.161559 0.258757 0.159807 0.265324 0.164623 0.481611 0.487303 0.157180 0.257005 0.474606 0.480298 0.258319 0.233800 0.483800 0.517951
DQ473508_A_hrv_28 0.515762 0.519702 0.263135 0.486427 0.481611 0.485989 0.485552 0.267951 0.259194 0.281086 0.271016 0.261821 0.262259 0.137478 0.096760 0.000000 0.268389 0.263135 0.463222 0.461033 0.259194 0.239930 0.482487 0.463660 0.464974 0.264448 0.484676 0.305166 0.261821 0.256130 0.262697 0.263135 0.260946 0.300788 0.155867 0.262697 0.151051 0.261384 0.158056 0.483363 0.485552 0.163310 0.260946 0.478984 0.481611 0.259194 0.237741 0.482925 0.519264
DQ473510_A_hrv_75 0.514448 0.511384 0.172067 0.481173 0.474168 0.483363 0.478546 0.149299 0.138792 0.185639 0.177320 0.167688 0.248249 0.269264 0.262697 0.268389 0.000000 0.161996 0.471979 0.469352 0.156305 0.267513 0.476795 0.475482 0.470228 0.164623 0.475482 0.318301 0.140543 0.148862 0.133538 0.145359 0.165061 0.322242 0.272329 0.148862 0.272767 0.175569 0.274518 0.477233 0.485114 0.268389 0.170753 0.477671 0.471979 0.155429 0.240368 0.476795 0.517075
DQ473511_A_hrv_55 0.508757 0.511821 0.158056 0.490806 0.484676 0.485989 0.484238 0.167250 0.150613 0.170753 0.146673 0.137478 0.232925 0.260946 0.262259 0.263135 0.161996 0.000000 0.464098 0.464098 0.110771 0.264011 0.485989 0.472417 0.470228 0.154553 0.483800 0.323117 0.154553 0.106830 0.149299 0.160683 0.126532 0.323993 0.274081 0.139229 0.267951 0.137916 0.271891 0.484676 0.491243 0.260946 0.155867 0.478984 0.480298 0.097198 0.240368 0.482049 0.511821
EF077279_C_nat001 0.530210 0.528897 0.458406 0.508757 0.506130 0.510070 0.512259 0.458844 0.467163 0.459720 0.464974 0.459720 0.464974 0.456655 0.464974 0.463222 0.471979 0.464098 0.000000 0.313485 0.468039 0.457093 0.512259 0.299475 0.299037 0.466725 0.514010 0.468476 0.461909 0.464536 0.470228 0.462347 0.459282 0.468476 0.459720 0.464536 0.457968 0.461471 0.460595 0.509194 0.513135 0.461033 0.457531 0.509632 0.508319 0.464974 0.462785 0.509194 0.530210
EF077280_C_nat045 0.531524 0.521454 0.465849 0.500438 0.494308 0.503065 0.505692 0.469790 0.471103 0.474606 0.469790 0.468476 0.466287 0.459282 0.464974 0.461033 0.469352 0.464098 0.313485 0.000000 0.469790 0.468476 0.509632 0.282837 0.316988 0.464098 0.497811 0.467601 0.476357 0.466287 0.475482 0.470228 0.468039 0.468039 0.466287 0.467601 0.464974 0.470665 0.468039 0.498249 0.504378 0.459282 0.465412 0.503065 0.495184 0.463222 0.467601 0.497811 0.521891
EF173414_A_hrv_11 0.510508 0.507881 0.153678 0.484238 0.476795 0.482925 0.479860 0.157618 0.153678 0.168564 0.150175 0.134413 0.233800 0.255254 0.257005 0.259194 0.156305 0.110771 0.468039 0.469790 0.000000 0.265762 0.482487 0.468476 0.462785 0.154553 0.475482 0.319177 0.153240 0.115149 0.151051 0.158932 0.130911 0.319615 0.271891 0.143608 0.267513 0.140981 0.267951 0.477233 0.485989 0.260508 0.157180 0.476795 0.474168 0.092820 0.241243 0.481173 0.511384
EF173415_A_hrv_12 0.515324 0.515324 0.259632 0.477671 0.469352 0.476357 0.467601 0.267513 0.264448 0.290280 0.278021 0.262697 0.260946 0.230736 0.238179 0.239930 0.267513 0.264011 0.457093 0.468476 0.265762 0.000000 0.475044 0.462785 0.463222 0.266200 0.469352 0.301664 0.265762 0.263573 0.262259 0.268827 0.265324 0.299912 0.239930 0.267951 0.238616 0.271016 0.245622 0.469352 0.475482 0.228546 0.257443 0.468914 0.470228 0.267951 0.221979 0.477671 0.517513
EF173425_B_hrv_93 0.465849 0.448336 0.477671 0.224606 0.222417 0.222417 0.156305 0.473730 0.477671 0.483800 0.480736 0.475482 0.480298 0.476795 0.479860 0.482487 0.476795 0.485989 0.512259 0.509632 0.482487 0.475044 0.000000 0.510070 0.521454 0.477233 0.148862 0.485552 0.478109 0.482925 0.484238 0.476795 0.479860 0.485989 0.482049 0.481173 0.484238 0.477671 0.480736 0.225044 0.232925 0.478984 0.476795 0.133100 0.223730 0.484238 0.478546 0.227233 0.463222
EF582385_C_c024 0.534151 0.530648 0.463660 0.502627 0.498687 0.501751 0.506567 0.468476 0.472855 0.468039 0.476357 0.466725 0.465849 0.461471 0.465412 0.463660 0.475482 0.472417 0.299475 0.282837 0.468476 0.462785 0.510070 0.000000 0.297723 0.471103 0.503503 0.475044 0.466725 0.469352 0.478546 0.471103 0.471979 0.472417 0.461471 0.474168 0.467163 0.471979 0.461909 0.503065 0.509632 0.464536 0.465849 0.502189 0.504816 0.466287 0.472417 0.499124 0.532837
EF582386_C_c025 0.527145 0.522329 0.464098 0.515324 0.510946 0.514448 0.517513 0.467163 0.471541 0.467601 0.468476 0.462347 0.468039 0.458406 0.465412 0.464974 0.470228 0.470228 0.299037 0.316988 0.462785 0.463222 0.521454 0.297723 0.000000 0.469790 0.519264 0.469352 0.466725 0.462785 0.471103 0.465412 0.464098 0.472417 0.458406 0.467163 0.467163 0.461909 0.464098 0.516638 0.523205 0.459720 0.464098 0.514448 0.513135 0.460158 0.471103 0.516200 0.518827
FJ445111_A_hrv_01 0.510508 0.509632 0.154116 0.478984 0.470665 0.478109 0.473730 0.169002 0.161121 0.178634 0.161121 0.155867 0.231611 0.265762 0.269702 0.264448 0.164623 0.154553 0.466725 0.464098 0.154553 0.266200 0.477233 0.471103 0.469790 0.000000 0.477671 0.321804 0.165061 0.152364 0.165937 0.171191 0.148862 0.318301 0.278459 0.162434 0.275832 0.158056 0.274956 0.473292 0.481611 0.265324 0.134851 0.466725 0.466725 0.153240 0.238616 0.476795 0.511384
FJ445112_B_hrv_05 0.461471 0.454904 0.478546 0.226357 0.226357 0.214974 0.095884 0.471541 0.478546 0.483363 0.482487 0.476357 0.474606 0.478546 0.485552 0.484676 0.475482 0.483800 0.514010 0.497811 0.475482 0.469352 0.148862 0.503503 0.519264 0.477671 0.000000 0.480736 0.474606 0.482487 0.481611 0.475044 0.476357 0.485114 0.484676 0.479422 0.485114 0.477233 0.483800 0.216725 0.223730 0.477671 0.475044 0.158932 0.219790 0.481611 0.479860 0.220228 0.460158
FJ445113_A_hrv_08 0.516200 0.517075 0.316550 0.489492 0.485114 0.487741 0.486865 0.322680 0.318739 0.330998 0.325744 0.313047 0.311296 0.292907 0.304291 0.305166 0.318301 0.323117 0.468476 0.467601 0.319177 0.301664 0.485552 0.475044 0.469352 0.321804 0.480736 0.000000 0.313047 0.315236 0.321366 0.324869 0.313485 0.127408 0.312609 0.318301 0.310858 0.315674 0.310420 0.487741 0.493433 0.302539 0.314361 0.485989 0.485552 0.315236 0.302102 0.489054 0.516200
FJ445114_A_hrv_09_f01 0.507443 0.510070 0.172942 0.481611 0.476357 0.483363 0.473730 0.144483 0.113398 0.180385 0.181261 0.166375 0.235989 0.265324 0.257881 0.261821 0.140543 0.154553 0.461909 0.476357 0.153240 0.265762 0.478109 0.466725 0.466725 0.165061 0.474606 0.313047 0.000000 0.149299 0.123468 0.126970 0.164623 0.318739 0.266637 0.130473 0.266637 0.170753 0.271454 0.478546 0.484676 0.262697 0.166813 0.476795 0.475919 0.148424 0.244746 0.475482 0.514448
FJ445118_A_hrv_18 0.503940 0.508319 0.148862 0.486865 0.479422 0.485989 0.479860 0.158932 0.150175 0.162872 0.131349 0.128722 0.235989 0.257881 0.255254 0.256130 0.148862 0.106830 0.464536 0.466287 0.115149 0.263573 0.482925 0.469352 0.462785 0.152364 0.482487 0.315236 0.149299 0.000000 0.148862 0.157618 0.103765 0.314361 0.269702 0.124343 0.267951 0.120841 0.268827 0.485552 0.490368 0.263135 0.164186 0.472417 0.478984 0.101576 0.243433 0.482487 0.513135
FJ445119_A_hrv_19 0.504816 0.509194 0.166375 0.484238 0.479422 0.484238 0.480298 0.142732 0.120403 0.182137 0.182574 0.169877 0.238616 0.257443 0.255254 0.262697 0.133538 0.149299 0.470228 0.475482 0.151051 0.262259 0.484238 0.478546 0.471103 0.165937 0.481611 0.321366 0.123468 0.148862 0.000000 0.094571 0.161559 0.325306 0.268827 0.123905 0.267075 0.172942 0.268389 0.478984 0.487741 0.261821 0.161121 0.480736 0.473292 0.149737 0.237741 0.473292 0.507881
FJ445122_A_hrv_22 0.505254 0.508757 0.172942 0.480736 0.474168 0.483800 0.476795 0.140105 0.121278 0.183888 0.184326 0.174256 0.237303 0.262259 0.259632 0.263135 0.145359 0.160683 0.462347 0.470228 0.158932 0.268827 0.476795 0.471103 0.465412 0.171191 0.475044 0.324869 0.126970 0.157618 0.094571 0.000000 0.169440 0.324431 0.267513 0.134851 0.267075 0.172942 0.271016 0.475044 0.484676 0.257881 0.169002 0.475044 0.474168 0.159370 0.242995 0.474606 0.509194
FJ445129_A_hrv_40 0.505692 0.507443 0.128284 0.487303 0.476357 0.481173 0.474606 0.166375 0.164186 0.174694 0.120841 0.098074 0.237303 0.260508 0.260946 0.260946 0.165061 0.126532 0.459282 0.468039 0.130911 0.265324 0.479860 0.471979 0.464098 0.148862 0.476357 0.313485 0.164623 0.103765 0.161559 0.169440 0.000000 0.319615 0.272767 0.135289 0.271454 0.098511 0.273205 0.478984 0.486427 0.267075 0.158494 0.469790 0.475482 0.121716 0.238179 0.478984 0.509194
FJ445132_A_hrv_45 0.520140 0.524081 0.316988 0.489930 0.485114 0.488179 0.485989 0.318301 0.318739 0.334939 0.324869 0.313923 0.312172 0.293345 0.299912 0.300788 0.322242 0.323993 0.468476 0.468039 0.319615 0.299912 0.485989 0.472417 0.472417 0.318301 0.485114 0.127408 0.318739 0.314361 0.325306 0.324431 0.319615 0.000000 0.313485 0.322680 0.312172 0.320928 0.314361 0.487741 0.496060 0.297723 0.313923 0.482049 0.485114 0.319177 0.304291 0.489054 0.522767
FJ445136_A_hrv_51 0.513135 0.517951 0.276270 0.487303 0.482049 0.485552 0.482049 0.271016 0.263573 0.291156 0.286340 0.272329 0.267075 0.164623 0.161559 0.155867 0.272329 0.274081 0.459720 0.466287 0.271891 0.239930 0.482049 0.461471 0.458406 0.278459 0.484676 0.312609 0.266637 0.269702 0.268827 0.267513 0.272767 0.313485 0.000000 0.270140 0.088004 0.269264 0.116025 0.483800 0.487741 0.168126 0.277145 0.476795 0.479422 0.271454 0.245622 0.485552 0.518827
FJ445143_A_hrv_60 0.505692 0.510070 0.156305 0.489054 0.484238 0.485552 0.478546 0.158056 0.126532 0.172067 0.161121 0.153678 0.241681 0.255254 0.258757 0.262697 0.148862 0.139229 0.464536 0.467601 0.143608 0.267951 0.481173 0.474168 0.467163 0.162434 0.479422 0.318301 0.130473 0.124343 0.123905 0.134851 0.135289 0.322680 0.270140 0.000000 0.267951 0.155867 0.266200 0.479422 0.487303 0.262697 0.167250 0.478109 0.477671 0.133975 0.242557 0.479422 0.510946
FJ445147_A_hrv_65 0.519264 0.519264 0.275394 0.487303 0.484676 0.489492 0.482487 0.268827 0.264011 0.286778 0.281086 0.268827 0.263573 0.161559 0.159807 0.151051 0.272767 0.267951 0.457968 0.464974 0.267513 0.238616 0.484238 0.467163 0.467163 0.275832 0.485114 0.310858 0.266637 0.267951 0.267075 0.267075 0.271454 0.312172 0.088004 0.267951 0.000000 0.268389 0.112522 0.485552 0.489492 0.171629 0.264886 0.476357 0.482925 0.260070 0.239054 0.486427 0.524518
FJ445148_A_hrv_66 0.513573 0.515324 0.142294 0.483363 0.479422 0.483800 0.477233 0.174256 0.172942 0.185201 0.115587 0.120403 0.240806 0.267513 0.265324 0.261384 0.175569 0.137916 0.461471 0.470665 0.140981 0.271016 0.477671 0.471979 0.461909 0.158056 0.477233 0.315674 0.170753 0.120841 0.172942 0.172942 0.098511 0.320928 0.269264 0.155867 0.268389 0.000000 0.271454 0.479422 0.485114 0.269702 0.167250 0.471979 0.476795 0.127846 0.247811 0.479422 0.517513
FJ445152_A_hrv_71 0.513135 0.517951 0.277583 0.486865 0.482925 0.485114 0.483800 0.274518 0.266637 0.284151 0.287215 0.277145 0.266637 0.165061 0.164623 0.158056 0.274518 0.271891 0.460595 0.468039 0.267951 0.245622 0.480736 0.461909 0.464098 0.274956 0.483800 0.310420 0.271454 0.268827 0.268389 0.271016 0.273205 0.314361 0.116025 0.266200 0.112522 0.271454 0.000000 0.482925 0.487741 0.166813 0.266637 0.479860 0.481611 0.266637 0.238179 0.485114 0.518827
FJ445153_B_hrv_72 0.455342 0.440893 0.479422 0.123468 0.107268 0.174694 0.218476 0.473730 0.475482 0.486865 0.485989 0.474606 0.475044 0.474606 0.481611 0.483363 0.477233 0.484676 0.509194 0.498249 0.477233 0.469352 0.225044 0.503065 0.516638 0.473292 0.216725 0.487741 0.478546 0.485552 0.478984 0.475044 0.478984 0.487741 0.483800 0.479422 0.485552 0.479422 0.482925 0.000000 0.111646 0.476795 0.474168 0.228109 0.137040 0.480298 0.478546 0.086252 0.450963
FJ445155_B_hrv_79 0.454466 0.450963 0.482925 0.105954 0.099825 0.178196 0.224606 0.483363 0.485552 0.489492 0.488616 0.481173 0.482049 0.482487 0.487303 0.485552 0.485114 0.491243 0.513135 0.504378 0.485989 0.475482 0.232925 0.509632 0.523205 0.481611 0.223730 0.493433 0.484676 0.490368 0.487741 0.484676 0.486427 0.496060 0.487741 0.487303 0.489492 0.485114 0.487741 0.111646 0.000000 0.484238 0.481173 0.235114 0.131349 0.483363 0.488616 0.108144 0.457968
FJ445156_A_hrv_80 0.515762 0.513573 0.267951 0.480736 0.473730 0.484238 0.478546 0.261384 0.257443 0.281086 0.277145 0.270140 0.255254 0.123905 0.157180 0.163310 0.268389 0.260946 0.461033 0.459282 0.260508 0.228546 0.478984 0.464536 0.459720 0.265324 0.477671 0.302539 0.262697 0.263135 0.261821 0.257881 0.267075 0.297723 0.168126 0.262697 0.171629 0.269702 0.166813 0.476795 0.484238 0.000000 0.261384 0.472417 0.473292 0.257005 0.229422 0.475919 0.519702
FJ445157_A_hrv_81 0.512697 0.514448 0.161559 0.479422 0.472855 0.481173 0.474606 0.167688 0.168126 0.184764 0.172942 0.155429 0.232049 0.258757 0.257005 0.260946 0.170753 0.155867 0.457531 0.465412 0.157180 0.257443 0.476795 0.465849 0.464098 0.134851 0.475044 0.314361 0.166813 0.164186 0.161121 0.169002 0.158494 0.313923 0.277145 0.167250 0.264886 0.167250 0.266637 0.474168 0.481173 0.261384 0.000000 0.470665 0.473730 0.160683 0.231173 0.479422 0.512697
FJ445162_B_hrv_84 0.468914 0.457531 0.473292 0.231173 0.225482 0.230736 0.164186 0.471103 0.478109 0.479860 0.477671 0.471979 0.471979 0.467601 0.474606 0.478984 0.477671 0.478984 0.509632 0.503065 0.476795 0.468914 0.133100 0.502189 0.514448 0.466725 0.158932 0.485989 0.476795 0.472417 0.480736 0.475044 0.469790 0.482049 0.476795 0.478109 0.476357 0.471979 0.479860 0.228109 0.235114 0.472417 0.470665 0.000000 0.227671 0.478546 0.470228 0.227671 0.471103
FJ445164_B_hrv_86 0.453590 0.446147 0.479422 0.132224 0.127846 0.170753 0.216287 0.475044 0.470228 0.482487 0.484676 0.472855 0.476795 0.470228 0.480298 0.481611 0.471979 0.480298 0.508319 0.495184 0.474168 0.470228 0.223730 0.504816 0.513135 0.466725 0.219790 0.485552 0.475919 0.478984 0.473292 0.474168 0.475482 0.485114 0.479422 0.477671 0.482925 0.476795 0.481611 0.137040 0.131349 0.473292 0.473730 0.227671 0.000000 0.475919 0.477233 0.128722 0.457968
FJ445167_A_hrv_90 0.503940 0.505692 0.150613 0.484238 0.477233 0.483363 0.482925 0.158494 0.151489 0.158056 0.138792 0.125657 0.236427 0.255254 0.258319 0.259194 0.155429 0.097198 0.464974 0.463222 0.092820 0.267951 0.484238 0.466287 0.460158 0.153240 0.481611 0.315236 0.148424 0.101576 0.149737 0.159370 0.121716 0.319177 0.271454 0.133975 0.260070 0.127846 0.266637 0.480298 0.483363 0.257005 0.160683 0.478546 0.475919 0.000000 0.236427 0.479860 0.503940
FJ445183_A_hrv_78 0.506567 0.513573 0.241243 0.484676 0.478984 0.483800 0.476795 0.245622 0.238179 0.272767 0.250000 0.242557 0.244308 0.232925 0.233800 0.237741 0.240368 0.240368 0.462785 0.467601 0.241243 0.221979 0.478546 0.472417 0.471103 0.238616 0.479860 0.302102 0.244746 0.243433 0.237741 0.242995 0.238179 0.304291 0.245622 0.242557 0.239054 0.247811 0.238179 0.478546 0.488616 0.229422 0.231173 0.470228 0.477233 0.236427 0.000000 0.478546 0.509632
L05355_B_hrv_14 0.457531 0.449212 0.481173 0.109457 0.101576 0.169002 0.220665 0.475044 0.476357 0.485114 0.485114 0.475482 0.476357 0.479860 0.483800 0.482925 0.476795 0.482049 0.509194 0.497811 0.481173 0.477671 0.227233 0.499124 0.516200 0.476795 0.220228 0.489054 0.475482 0.482487 0.473292 0.474606 0.478984 0.489054 0.485552 0.479422 0.486427 0.479422 0.485114 0.086252 0.108144 0.475919 0.479422 0.227671 0.128722 0.479860 0.478546 0.000000 0.459282
V01149_HEV_pv_1m 0.155867 0.192644 0.515762 0.454466 0.457093 0.454028 0.462347 0.516638 0.510070 0.516200 0.521891 0.516200 0.513573 0.520578 0.517951 0.519264 0.517075 0.511821 0.530210 0.521891 0.511384 0.517513 0.463222 0.532837 0.518827 0.511384 0.460158 0.516200 0.514448 0.513135 0.507881 0.509194 0.509194 0.522767 0.518827 0.510946 0.524518 0.517513 0.518827 0.450963 0.457968 0.519702 0.512697 0.471103 0.457968 0.503940 0.509632 0.459282 0.000000
