16
Elephantulus_sp. 0.000000 0.281958 0.268216 0.259970 0.256132 0.258051 0.261163 0.241041 0.263911 0.265415 0.282010 0.274646 0.256340 0.329202 0.261007 0.266245
Pipistrellus_abramus 0.281958 0.000000 0.283099 0.267386 0.260489 0.253799 0.256288 0.250739 0.252554 0.247990 0.270757 0.260903 0.254888 0.329357 0.264482 0.265415
Eulemur_macaco_macaco 0.268216 0.283099 0.000000 0.266867 0.257896 0.256288 0.261837 0.248405 0.263289 0.262459 0.283877 0.271275 0.254940 0.335166 0.262200 0.269979
Ursus_arctos 0.259970 0.267386 0.266867 0.000000 0.231966 0.231344 0.238708 0.220038 0.237463 0.232796 0.256132 0.248561 0.225691 0.302598 0.234352 0.238656
Camelus_bactrianus 0.256132 0.260489 0.257896 0.231966 0.000000 0.233833 0.228491 0.208941 0.226210 0.222476 0.241352 0.233107 0.212156 0.290774 0.219157 0.224343
Urotrichus_talpoides 0.258051 0.253799 0.256288 0.231344 0.233833 0.000000 0.234455 0.224446 0.231759 0.228336 0.250272 0.241560 0.219779 0.303065 0.237515 0.239589
Rhinolophus_pumilus 0.261163 0.256288 0.261837 0.238708 0.228491 0.234455 0.000000 0.204273 0.230047 0.229580 0.244412 0.230773 0.224135 0.300005 0.224809 0.232277
Equus_przewalskii 0.241041 0.250739 0.248405 0.220038 0.208941 0.224446 0.204273 0.000000 0.207644 0.205881 0.222268 0.216927 0.201058 0.271638 0.199658 0.205933
Muntiacus_crinifrons 0.263911 0.252554 0.263289 0.237463 0.226210 0.231759 0.230047 0.207644 0.000000 0.109630 0.159519 0.146761 0.211482 0.261733 0.193850 0.187471
Mazama_gouazoupira 0.265415 0.247990 0.262459 0.232796 0.222476 0.228336 0.229580 0.205881 0.109630 0.000000 0.157237 0.147799 0.212571 0.261992 0.197532 0.190012
Oryx_dammah 0.282010 0.270757 0.283877 0.256132 0.241352 0.250272 0.244412 0.222268 0.159519 0.157237 0.000000 0.129544 0.230151 0.282788 0.205414 0.206348
Ovis_orientalis_ophion 0.274646 0.260903 0.271275 0.248561 0.233107 0.241560 0.230773 0.216927 0.146761 0.147799 0.129544 0.000000 0.216875 0.268942 0.198621 0.196391
Pecari_tajacu 0.256340 0.254888 0.254940 0.225691 0.212156 0.219779 0.224135 0.201058 0.211482 0.212571 0.230151 0.216875 0.000000 0.256392 0.208785 0.210807
Sus_celebensis 0.329202 0.329357 0.335166 0.302598 0.290774 0.303065 0.300005 0.271638 0.261733 0.261992 0.282788 0.268942 0.256392 0.000000 0.269201 0.264793
Hippopotamus_amphibius 0.261007 0.264482 0.262200 0.234352 0.219157 0.237515 0.224809 0.199658 0.193850 0.197532 0.205414 0.198621 0.208785 0.269201 0.000000 0.179173
Balaenoptera_acutorostrata 0.266245 0.265415 0.269979 0.238656 0.224343 0.239589 0.232277 0.205933 0.187471 0.190012 0.206348 0.196391 0.210807 0.264793 0.179173 0.000000
