16
Elephantulus_sp. 0.000000 0.223845 0.224678 0.215316 0.210410 0.210009 0.211216 0.203514 0.217605 0.218085 0.214132 0.210290 0.211058 0.247407 0.216526 0.216826
Pipistrellus_abramus 0.223845 0.000000 0.221937 0.219015 0.225377 0.205231 0.207941 0.219604 0.220606 0.216718 0.215775 0.211239 0.212005 0.256598 0.231385 0.228087
Eulemur_macaco_macaco 0.224678 0.221937 0.000000 0.222928 0.221004 0.207009 0.209925 0.211674 0.226952 0.224211 0.218497 0.216281 0.208584 0.259724 0.224853 0.228993
Ursus_arctos 0.215316 0.219015 0.222928 0.000000 0.204708 0.200899 0.200071 0.193504 0.209595 0.208164 0.201073 0.203278 0.192292 0.238796 0.208582 0.209297
Camelus_bactrianus 0.210410 0.225377 0.221004 0.204708 0.000000 0.205218 0.203094 0.190602 0.204045 0.202905 0.199988 0.196003 0.193539 0.233931 0.201104 0.203145
Urotrichus_talpoides 0.210009 0.205231 0.207009 0.200899 0.205218 0.000000 0.192499 0.196048 0.204449 0.202378 0.200958 0.199479 0.188890 0.238050 0.212672 0.212908
Rhinolophus_pumilus 0.211216 0.207941 0.209925 0.200071 0.203094 0.192499 0.000000 0.184480 0.208133 0.208845 0.199182 0.198411 0.188689 0.237299 0.204399 0.208608
Equus_przewalskii 0.203514 0.219604 0.211674 0.193504 0.190602 0.196048 0.184480 0.000000 0.188963 0.188661 0.188350 0.184236 0.177148 0.215199 0.179795 0.186369
Muntiacus_crinifrons 0.217605 0.220606 0.226952 0.209595 0.204045 0.204449 0.208133 0.188963 0.000000 0.112429 0.155228 0.144886 0.195261 0.212123 0.181325 0.175500
Mazama_gouazoupira 0.218085 0.216718 0.224211 0.208164 0.202905 0.202378 0.208845 0.188661 0.112429 0.000000 0.153438 0.146450 0.196924 0.214429 0.183824 0.179642
Oryx_dammah 0.214132 0.215775 0.218497 0.201073 0.199988 0.200958 0.199182 0.188350 0.155228 0.153438 0.000000 0.125209 0.189797 0.225591 0.188768 0.188112
Ovis_orientalis_ophion 0.210290 0.211239 0.216281 0.203278 0.196003 0.199479 0.198411 0.184236 0.144886 0.146450 0.125209 0.000000 0.187006 0.213839 0.182371 0.178400
Pecari_tajacu 0.211058 0.212005 0.208584 0.192292 0.193539 0.188890 0.188689 0.177148 0.195261 0.196924 0.189797 0.187006 0.000000 0.205119 0.191520 0.191401
Sus_celebensis 0.247407 0.256598 0.259724 0.238796 0.233931 0.238050 0.237299 0.215199 0.212123 0.214429 0.225591 0.213839 0.205119 0.000000 0.217523 0.213883
Hippopotamus_amphibius 0.216526 0.231385 0.224853 0.208582 0.201104 0.212672 0.204399 0.179795 0.181325 0.183824 0.188768 0.182371 0.191520 0.217523 0.000000 0.167580
Balaenoptera_acutorostrata 0.216826 0.228087 0.228993 0.209297 0.203145 0.212908 0.208608 0.186369 0.175500 0.179642 0.188112 0.178400 0.191401 0.213883 0.167580 0.000000
