4
Equus_przewalskii 0.000000 0.218804 0.208426 0.249416
Ursus_arctos 0.218804 0.000000 0.230893 0.267836
Camelus_bactrianus 0.208426 0.230893 0.000000 0.256784
Eulemur_macaco_macaco 0.249416 0.267836 0.256784 0.000000

4
Equus_przewalskii 0.000000 0.218804 0.208426 0.199502
Ursus_arctos 0.218804 0.000000 0.230893 0.234421
Camelus_bactrianus 0.208426 0.230893 0.000000 0.219063
Hippopotamus_amphibius 0.199502 0.234421 0.219063 0.000000

4
Equus_przewalskii 0.000000 0.218804 0.208426 0.205313
Ursus_arctos 0.218804 0.000000 0.230893 0.238883
Camelus_bactrianus 0.208426 0.230893 0.000000 0.223888
Balaenoptera_acutorostrata 0.205313 0.238883 0.223888 0.000000

4
Equus_przewalskii 0.000000 0.218804 0.208426 0.243242
Ursus_arctos 0.218804 0.000000 0.230893 0.257926
Camelus_bactrianus 0.208426 0.230893 0.000000 0.253775
Elephantulus_sp. 0.243242 0.257926 0.253775 0.000000

4
Equus_przewalskii 0.000000 0.218804 0.208426 0.224200
Ursus_arctos 0.218804 0.000000 0.230893 0.257199
Camelus_bactrianus 0.208426 0.230893 0.000000 0.240648
Oryx_dammah 0.224200 0.257199 0.240648 0.000000

4
Equus_przewalskii 0.000000 0.218804 0.208426 0.206818
Ursus_arctos 0.218804 0.000000 0.230893 0.236549
Camelus_bactrianus 0.208426 0.230893 0.000000 0.223992
Muntiacus_crinifrons 0.206818 0.236549 0.223992 0.000000

4
Equus_przewalskii 0.000000 0.218804 0.208426 0.217299
Ursus_arctos 0.218804 0.000000 0.230893 0.247548
Camelus_bactrianus 0.208426 0.230893 0.000000 0.232190
Ovis_orientalis_ophion 0.217299 0.247548 0.232190 0.000000

4
Equus_przewalskii 0.000000 0.218804 0.208426 0.250143
Ursus_arctos 0.218804 0.000000 0.230893 0.265812
Camelus_bactrianus 0.208426 0.230893 0.000000 0.259586
Pipistrellus_abramus 0.250143 0.265812 0.259586 0.000000

4
Equus_przewalskii 0.000000 0.218804 0.208426 0.205157
Ursus_arctos 0.218804 0.000000 0.230893 0.237275
Camelus_bactrianus 0.208426 0.230893 0.000000 0.232450
Rhinolophus_pumilus 0.205157 0.237275 0.232450 0.000000

4
Equus_przewalskii 0.000000 0.218804 0.208426 0.200176
Ursus_arctos 0.218804 0.000000 0.230893 0.225237
Camelus_bactrianus 0.208426 0.230893 0.000000 0.213719
Pecari_tajacu 0.200176 0.225237 0.213719 0.000000

4
Equus_przewalskii 0.000000 0.218804 0.208426 0.205002
Ursus_arctos 0.218804 0.000000 0.230893 0.232242
Camelus_bactrianus 0.208426 0.230893 0.000000 0.220723
Mazama_gouazoupira 0.205002 0.232242 0.220723 0.000000

4
Equus_przewalskii 0.000000 0.218804 0.208426 0.272246
Ursus_arctos 0.218804 0.000000 0.230893 0.302288
Camelus_bactrianus 0.208426 0.230893 0.000000 0.290406
Sus_celebensis 0.272246 0.302288 0.290406 0.000000

4
Equus_przewalskii 0.000000 0.218804 0.208426 0.225237
Ursus_arctos 0.218804 0.000000 0.230893 0.231204
Camelus_bactrianus 0.208426 0.230893 0.000000 0.233072
Urotrichus_talpoides 0.225237 0.231204 0.233072 0.000000

4
Equus_przewalskii 0.000000 0.218804 0.249416 0.199502
Ursus_arctos 0.218804 0.000000 0.267836 0.234421
Eulemur_macaco_macaco 0.249416 0.267836 0.000000 0.261402
Hippopotamus_amphibius 0.199502 0.234421 0.261402 0.000000

4
Equus_przewalskii 0.000000 0.218804 0.249416 0.205313
Ursus_arctos 0.218804 0.000000 0.267836 0.238883
Eulemur_macaco_macaco 0.249416 0.267836 0.000000 0.268874
Balaenoptera_acutorostrata 0.205313 0.238883 0.268874 0.000000

4
Equus_przewalskii 0.000000 0.218804 0.249416 0.243242
Ursus_arctos 0.218804 0.000000 0.267836 0.257926
Eulemur_macaco_macaco 0.249416 0.267836 0.000000 0.265293
Elephantulus_sp. 0.243242 0.257926 0.265293 0.000000

4
Equus_przewalskii 0.000000 0.218804 0.249416 0.224200
Ursus_arctos 0.218804 0.000000 0.267836 0.257199
Eulemur_macaco_macaco 0.249416 0.267836 0.000000 0.284595
Oryx_dammah 0.224200 0.257199 0.284595 0.000000

4
Equus_przewalskii 0.000000 0.218804 0.249416 0.206818
Ursus_arctos 0.218804 0.000000 0.267836 0.236549
Eulemur_macaco_macaco 0.249416 0.267836 0.000000 0.262595
Muntiacus_crinifrons 0.206818 0.236549 0.262595 0.000000

4
Equus_przewalskii 0.000000 0.218804 0.249416 0.217299
Ursus_arctos 0.218804 0.000000 0.267836 0.247548
Eulemur_macaco_macaco 0.249416 0.267836 0.000000 0.271624
Ovis_orientalis_ophion 0.217299 0.247548 0.271624 0.000000

4
Equus_przewalskii 0.000000 0.218804 0.249416 0.250143
Ursus_arctos 0.218804 0.000000 0.267836 0.265812
Eulemur_macaco_macaco 0.249416 0.267836 0.000000 0.288902
Pipistrellus_abramus 0.250143 0.265812 0.288902 0.000000

4
Equus_przewalskii 0.000000 0.218804 0.249416 0.205157
Ursus_arctos 0.218804 0.000000 0.267836 0.237275
Eulemur_macaco_macaco 0.249416 0.267836 0.000000 0.258289
Rhinolophus_pumilus 0.205157 0.237275 0.258289 0.000000

4
Equus_przewalskii 0.000000 0.218804 0.249416 0.200176
Ursus_arctos 0.218804 0.000000 0.267836 0.225237
Eulemur_macaco_macaco 0.249416 0.267836 0.000000 0.257044
Pecari_tajacu 0.200176 0.225237 0.257044 0.000000

4
Equus_przewalskii 0.000000 0.218804 0.249416 0.205002
Ursus_arctos 0.218804 0.000000 0.267836 0.232242
Eulemur_macaco_macaco 0.249416 0.267836 0.000000 0.261817
Mazama_gouazoupira 0.205002 0.232242 0.261817 0.000000

4
Equus_przewalskii 0.000000 0.218804 0.249416 0.272246
Ursus_arctos 0.218804 0.000000 0.267836 0.302288
Eulemur_macaco_macaco 0.249416 0.267836 0.000000 0.335599
Sus_celebensis 0.272246 0.302288 0.335599 0.000000

4
Equus_przewalskii 0.000000 0.218804 0.249416 0.225237
Ursus_arctos 0.218804 0.000000 0.267836 0.231204
Eulemur_macaco_macaco 0.249416 0.267836 0.000000 0.255746
Urotrichus_talpoides 0.225237 0.231204 0.255746 0.000000

4
Equus_przewalskii 0.000000 0.218804 0.199502 0.205313
Ursus_arctos 0.218804 0.000000 0.234421 0.238883
Hippopotamus_amphibius 0.199502 0.234421 0.000000 0.181653
Balaenoptera_acutorostrata 0.205313 0.238883 0.181653 0.000000

4
Equus_przewalskii 0.000000 0.218804 0.199502 0.243242
Ursus_arctos 0.218804 0.000000 0.234421 0.257926
Hippopotamus_amphibius 0.199502 0.234421 0.000000 0.260364
Elephantulus_sp. 0.243242 0.257926 0.260364 0.000000

4
Equus_przewalskii 0.000000 0.218804 0.199502 0.224200
Ursus_arctos 0.218804 0.000000 0.234421 0.257199
Hippopotamus_amphibius 0.199502 0.234421 0.000000 0.207959
Oryx_dammah 0.224200 0.257199 0.207959 0.000000

4
Equus_przewalskii 0.000000 0.218804 0.199502 0.206818
Ursus_arctos 0.218804 0.000000 0.234421 0.236549
Hippopotamus_amphibius 0.199502 0.234421 0.000000 0.192186
Muntiacus_crinifrons 0.206818 0.236549 0.192186 0.000000

4
Equus_przewalskii 0.000000 0.218804 0.199502 0.217299
Ursus_arctos 0.218804 0.000000 0.234421 0.247548
Hippopotamus_amphibius 0.199502 0.234421 0.000000 0.199191
Ovis_orientalis_ophion 0.217299 0.247548 0.199191 0.000000

4
Equus_przewalskii 0.000000 0.218804 0.199502 0.250143
Ursus_arctos 0.218804 0.000000 0.234421 0.265812
Hippopotamus_amphibius 0.199502 0.234421 0.000000 0.264567
Pipistrellus_abramus 0.250143 0.265812 0.264567 0.000000

4
Equus_przewalskii 0.000000 0.218804 0.199502 0.205157
Ursus_arctos 0.218804 0.000000 0.234421 0.237275
Hippopotamus_amphibius 0.199502 0.234421 0.000000 0.227676
Rhinolophus_pumilus 0.205157 0.237275 0.227676 0.000000

4
Equus_przewalskii 0.000000 0.218804 0.199502 0.200176
Ursus_arctos 0.218804 0.000000 0.234421 0.225237
Hippopotamus_amphibius 0.199502 0.234421 0.000000 0.208219
Pecari_tajacu 0.200176 0.225237 0.208219 0.000000

4
Equus_przewalskii 0.000000 0.218804 0.199502 0.205002
Ursus_arctos 0.218804 0.000000 0.234421 0.232242
Hippopotamus_amphibius 0.199502 0.234421 0.000000 0.196908
Mazama_gouazoupira 0.205002 0.232242 0.196908 0.000000

4
Equus_przewalskii 0.000000 0.218804 0.199502 0.272246
Ursus_arctos 0.218804 0.000000 0.234421 0.302288
Hippopotamus_amphibius 0.199502 0.234421 0.000000 0.269081
Sus_celebensis 0.272246 0.302288 0.269081 0.000000

4
Equus_przewalskii 0.000000 0.218804 0.199502 0.225237
Ursus_arctos 0.218804 0.000000 0.234421 0.231204
Hippopotamus_amphibius 0.199502 0.234421 0.000000 0.239143
Urotrichus_talpoides 0.225237 0.231204 0.239143 0.000000

4
Equus_przewalskii 0.000000 0.218804 0.205313 0.243242
Ursus_arctos 0.218804 0.000000 0.238883 0.257926
Balaenoptera_acutorostrata 0.205313 0.238883 0.000000 0.264567
Elephantulus_sp. 0.243242 0.257926 0.264567 0.000000

4
Equus_przewalskii 0.000000 0.218804 0.205313 0.224200
Ursus_arctos 0.218804 0.000000 0.238883 0.257199
Balaenoptera_acutorostrata 0.205313 0.238883 0.000000 0.207492
Oryx_dammah 0.224200 0.257199 0.207492 0.000000

4
Equus_przewalskii 0.000000 0.218804 0.205313 0.206818
Ursus_arctos 0.218804 0.000000 0.238883 0.236549
Balaenoptera_acutorostrata 0.205313 0.238883 0.000000 0.188346
Muntiacus_crinifrons 0.206818 0.236549 0.188346 0.000000

4
Equus_przewalskii 0.000000 0.218804 0.205313 0.217299
Ursus_arctos 0.218804 0.000000 0.238883 0.247548
Balaenoptera_acutorostrata 0.205313 0.238883 0.000000 0.197063
Ovis_orientalis_ophion 0.217299 0.247548 0.197063 0.000000

4
Equus_przewalskii 0.000000 0.218804 0.205313 0.250143
Ursus_arctos 0.218804 0.000000 0.238883 0.265812
Balaenoptera_acutorostrata 0.205313 0.238883 0.000000 0.265293
Pipistrellus_abramus 0.250143 0.265812 0.265293 0.000000

4
Equus_przewalskii 0.000000 0.218804 0.205313 0.205157
Ursus_arctos 0.218804 0.000000 0.238883 0.237275
Balaenoptera_acutorostrata 0.205313 0.238883 0.000000 0.232865
Rhinolophus_pumilus 0.205157 0.237275 0.232865 0.000000

4
Equus_przewalskii 0.000000 0.218804 0.205313 0.200176
Ursus_arctos 0.218804 0.000000 0.238883 0.225237
Balaenoptera_acutorostrata 0.205313 0.238883 0.000000 0.210761
Pecari_tajacu 0.200176 0.225237 0.210761 0.000000

4
Equus_przewalskii 0.000000 0.218804 0.205313 0.205002
Ursus_arctos 0.218804 0.000000 0.238883 0.232242
Balaenoptera_acutorostrata 0.205313 0.238883 0.000000 0.191460
Mazama_gouazoupira 0.205002 0.232242 0.191460 0.000000

4
Equus_przewalskii 0.000000 0.218804 0.205313 0.272246
Ursus_arctos 0.218804 0.000000 0.238883 0.302288
Balaenoptera_acutorostrata 0.205313 0.238883 0.000000 0.264878
Sus_celebensis 0.272246 0.302288 0.264878 0.000000

4
Equus_przewalskii 0.000000 0.218804 0.205313 0.225237
Ursus_arctos 0.218804 0.000000 0.238883 0.231204
Balaenoptera_acutorostrata 0.205313 0.238883 0.000000 0.241789
Urotrichus_talpoides 0.225237 0.231204 0.241789 0.000000

4
Equus_przewalskii 0.000000 0.218804 0.243242 0.224200
Ursus_arctos 0.218804 0.000000 0.257926 0.257199
Elephantulus_sp. 0.243242 0.257926 0.000000 0.283194
Oryx_dammah 0.224200 0.257199 0.283194 0.000000

4
Equus_przewalskii 0.000000 0.218804 0.243242 0.206818
Ursus_arctos 0.218804 0.000000 0.257926 0.236549
Elephantulus_sp. 0.243242 0.257926 0.000000 0.262803
Muntiacus_crinifrons 0.206818 0.236549 0.262803 0.000000

4
Equus_przewalskii 0.000000 0.218804 0.243242 0.217299
Ursus_arctos 0.218804 0.000000 0.257926 0.247548
Elephantulus_sp. 0.243242 0.257926 0.000000 0.273180
Ovis_orientalis_ophion 0.217299 0.247548 0.273180 0.000000

4
Equus_przewalskii 0.000000 0.218804 0.243242 0.250143
Ursus_arctos 0.218804 0.000000 0.257926 0.265812
Elephantulus_sp. 0.243242 0.257926 0.000000 0.281171
Pipistrellus_abramus 0.250143 0.265812 0.281171 0.000000

4
Equus_przewalskii 0.000000 0.218804 0.243242 0.205157
Ursus_arctos 0.218804 0.000000 0.257926 0.237275
Elephantulus_sp. 0.243242 0.257926 0.000000 0.261713
Rhinolophus_pumilus 0.205157 0.237275 0.261713 0.000000

4
Equus_przewalskii 0.000000 0.218804 0.243242 0.200176
Ursus_arctos 0.218804 0.000000 0.257926 0.225237
Elephantulus_sp. 0.243242 0.257926 0.000000 0.256628
Pecari_tajacu 0.200176 0.225237 0.256628 0.000000

4
Equus_przewalskii 0.000000 0.218804 0.243242 0.205002
Ursus_arctos 0.218804 0.000000 0.257926 0.232242
Elephantulus_sp. 0.243242 0.257926 0.000000 0.263477
Mazama_gouazoupira 0.205002 0.232242 0.263477 0.000000

4
Equus_przewalskii 0.000000 0.218804 0.243242 0.272246
Ursus_arctos 0.218804 0.000000 0.257926 0.302288
Elephantulus_sp. 0.243242 0.257926 0.000000 0.329528
Sus_celebensis 0.272246 0.302288 0.329528 0.000000

4
Equus_przewalskii 0.000000 0.218804 0.243242 0.225237
Ursus_arctos 0.218804 0.000000 0.257926 0.231204
Elephantulus_sp. 0.243242 0.257926 0.000000 0.255591
Urotrichus_talpoides 0.225237 0.231204 0.255591 0.000000

4
Equus_przewalskii 0.000000 0.218804 0.224200 0.206818
Ursus_arctos 0.218804 0.000000 0.257199 0.236549
Oryx_dammah 0.224200 0.257199 0.000000 0.159342
Muntiacus_crinifrons 0.206818 0.236549 0.159342 0.000000

4
Equus_przewalskii 0.000000 0.218804 0.224200 0.217299
Ursus_arctos 0.218804 0.000000 0.257199 0.247548
Oryx_dammah 0.224200 0.257199 0.000000 0.128418
Ovis_orientalis_ophion 0.217299 0.247548 0.128418 0.000000

4
Equus_przewalskii 0.000000 0.218804 0.224200 0.250143
Ursus_arctos 0.218804 0.000000 0.257199 0.265812
Oryx_dammah 0.224200 0.257199 0.000000 0.263685
Pipistrellus_abramus 0.250143 0.265812 0.263685 0.000000

4
Equus_przewalskii 0.000000 0.218804 0.224200 0.205157
Ursus_arctos 0.218804 0.000000 0.257199 0.237275
Oryx_dammah 0.224200 0.257199 0.000000 0.249416
Rhinolophus_pumilus 0.205157 0.237275 0.249416 0.000000

4
Equus_przewalskii 0.000000 0.218804 0.224200 0.200176
Ursus_arctos 0.218804 0.000000 0.257199 0.225237
Oryx_dammah 0.224200 0.257199 0.000000 0.230218
Pecari_tajacu 0.200176 0.225237 0.230218 0.000000

4
Equus_przewalskii 0.000000 0.218804 0.224200 0.205002
Ursus_arctos 0.218804 0.000000 0.257199 0.232242
Oryx_dammah 0.224200 0.257199 0.000000 0.157059
Mazama_gouazoupira 0.205002 0.232242 0.157059 0.000000

4
Equus_przewalskii 0.000000 0.218804 0.224200 0.272246
Ursus_arctos 0.218804 0.000000 0.257199 0.302288
Oryx_dammah 0.224200 0.257199 0.000000 0.282727
Sus_celebensis 0.272246 0.302288 0.282727 0.000000

4
Equus_przewalskii 0.000000 0.218804 0.224200 0.225237
Ursus_arctos 0.218804 0.000000 0.257199 0.231204
Oryx_dammah 0.224200 0.257199 0.000000 0.253567
Urotrichus_talpoides 0.225237 0.231204 0.253567 0.000000

4
Equus_przewalskii 0.000000 0.218804 0.206818 0.217299
Ursus_arctos 0.218804 0.000000 0.236549 0.247548
Muntiacus_crinifrons 0.206818 0.236549 0.000000 0.146838
Ovis_orientalis_ophion 0.217299 0.247548 0.146838 0.000000

4
Equus_przewalskii 0.000000 0.218804 0.206818 0.250143
Ursus_arctos 0.218804 0.000000 0.236549 0.265812
Muntiacus_crinifrons 0.206818 0.236549 0.000000 0.253100
Pipistrellus_abramus 0.250143 0.265812 0.253100 0.000000

4
Equus_przewalskii 0.000000 0.218804 0.206818 0.205157
Ursus_arctos 0.218804 0.000000 0.236549 0.237275
Muntiacus_crinifrons 0.206818 0.236549 0.000000 0.230582
Rhinolophus_pumilus 0.205157 0.237275 0.230582 0.000000

4
Equus_przewalskii 0.000000 0.218804 0.206818 0.200176
Ursus_arctos 0.218804 0.000000 0.236549 0.225237
Muntiacus_crinifrons 0.206818 0.236549 0.000000 0.211280
Pecari_tajacu 0.200176 0.225237 0.211280 0.000000

4
Equus_przewalskii 0.000000 0.218804 0.206818 0.205002
Ursus_arctos 0.218804 0.000000 0.236549 0.232242
Muntiacus_crinifrons 0.206818 0.236549 0.000000 0.108442
Mazama_gouazoupira 0.205002 0.232242 0.108442 0.000000

4
Equus_przewalskii 0.000000 0.218804 0.206818 0.272246
Ursus_arctos 0.218804 0.000000 0.236549 0.302288
Muntiacus_crinifrons 0.206818 0.236549 0.000000 0.261091
Sus_celebensis 0.272246 0.302288 0.261091 0.000000

4
Equus_przewalskii 0.000000 0.218804 0.206818 0.225237
Ursus_arctos 0.218804 0.000000 0.236549 0.231204
Muntiacus_crinifrons 0.206818 0.236549 0.000000 0.232242
Urotrichus_talpoides 0.225237 0.231204 0.232242 0.000000

4
Equus_przewalskii 0.000000 0.218804 0.217299 0.250143
Ursus_arctos 0.218804 0.000000 0.247548 0.265812
Ovis_orientalis_ophion 0.217299 0.247548 0.000000 0.252841
Pipistrellus_abramus 0.250143 0.265812 0.252841 0.000000

4
Equus_przewalskii 0.000000 0.218804 0.217299 0.205157
Ursus_arctos 0.218804 0.000000 0.247548 0.237275
Ovis_orientalis_ophion 0.217299 0.247548 0.000000 0.236549
Rhinolophus_pumilus 0.205157 0.237275 0.236549 0.000000

4
Equus_przewalskii 0.000000 0.218804 0.217299 0.200176
Ursus_arctos 0.218804 0.000000 0.247548 0.225237
Ovis_orientalis_ophion 0.217299 0.247548 0.000000 0.216884
Pecari_tajacu 0.200176 0.225237 0.216884 0.000000

4
Equus_przewalskii 0.000000 0.218804 0.217299 0.205002
Ursus_arctos 0.218804 0.000000 0.247548 0.232242
Ovis_orientalis_ophion 0.217299 0.247548 0.000000 0.147356
Mazama_gouazoupira 0.205002 0.232242 0.147356 0.000000

4
Equus_przewalskii 0.000000 0.218804 0.217299 0.272246
Ursus_arctos 0.218804 0.000000 0.247548 0.302288
Ovis_orientalis_ophion 0.217299 0.247548 0.000000 0.268770
Sus_celebensis 0.272246 0.302288 0.268770 0.000000

4
Equus_przewalskii 0.000000 0.218804 0.217299 0.225237
Ursus_arctos 0.218804 0.000000 0.247548 0.231204
Ovis_orientalis_ophion 0.217299 0.247548 0.000000 0.242671
Urotrichus_talpoides 0.225237 0.231204 0.242671 0.000000

4
Equus_przewalskii 0.000000 0.218804 0.250143 0.205157
Ursus_arctos 0.218804 0.000000 0.265812 0.237275
Pipistrellus_abramus 0.250143 0.265812 0.000000 0.258237
Rhinolophus_pumilus 0.205157 0.237275 0.258237 0.000000

4
Equus_przewalskii 0.000000 0.218804 0.250143 0.200176
Ursus_arctos 0.218804 0.000000 0.265812 0.225237
Pipistrellus_abramus 0.250143 0.265812 0.000000 0.251232
Pecari_tajacu 0.200176 0.225237 0.251232 0.000000

4
Equus_przewalskii 0.000000 0.218804 0.250143 0.205002
Ursus_arctos 0.218804 0.000000 0.265812 0.232242
Pipistrellus_abramus 0.250143 0.265812 0.000000 0.247237
Mazama_gouazoupira 0.205002 0.232242 0.247237 0.000000

4
Equus_przewalskii 0.000000 0.218804 0.250143 0.272246
Ursus_arctos 0.218804 0.000000 0.265812 0.302288
Pipistrellus_abramus 0.250143 0.265812 0.000000 0.327920
Sus_celebensis 0.272246 0.302288 0.327920 0.000000

4
Equus_przewalskii 0.000000 0.218804 0.250143 0.225237
Ursus_arctos 0.218804 0.000000 0.265812 0.231204
Pipistrellus_abramus 0.250143 0.265812 0.000000 0.253723
Urotrichus_talpoides 0.225237 0.231204 0.253723 0.000000

4
Equus_przewalskii 0.000000 0.218804 0.205157 0.200176
Ursus_arctos 0.218804 0.000000 0.237275 0.225237
Rhinolophus_pumilus 0.205157 0.237275 0.000000 0.229284
Pecari_tajacu 0.200176 0.225237 0.229284 0.000000

4
Equus_przewalskii 0.000000 0.218804 0.205157 0.205002
Ursus_arctos 0.218804 0.000000 0.237275 0.232242
Rhinolophus_pumilus 0.205157 0.237275 0.000000 0.229129
Mazama_gouazoupira 0.205002 0.232242 0.229129 0.000000

4
Equus_przewalskii 0.000000 0.218804 0.205157 0.272246
Ursus_arctos 0.218804 0.000000 0.237275 0.302288
Rhinolophus_pumilus 0.205157 0.237275 0.000000 0.300368
Sus_celebensis 0.272246 0.302288 0.300368 0.000000

4
Equus_przewalskii 0.000000 0.218804 0.205157 0.225237
Ursus_arctos 0.218804 0.000000 0.237275 0.231204
Rhinolophus_pumilus 0.205157 0.237275 0.000000 0.236860
Urotrichus_talpoides 0.225237 0.231204 0.236860 0.000000

4
Equus_przewalskii 0.000000 0.218804 0.200176 0.205002
Ursus_arctos 0.218804 0.000000 0.225237 0.232242
Pecari_tajacu 0.200176 0.225237 0.000000 0.212110
Mazama_gouazoupira 0.205002 0.232242 0.212110 0.000000

4
Equus_przewalskii 0.000000 0.218804 0.200176 0.272246
Ursus_arctos 0.218804 0.000000 0.225237 0.302288
Pecari_tajacu 0.200176 0.225237 0.000000 0.256369
Sus_celebensis 0.272246 0.302288 0.256369 0.000000

4
Equus_przewalskii 0.000000 0.218804 0.200176 0.225237
Ursus_arctos 0.218804 0.000000 0.225237 0.231204
Pecari_tajacu 0.200176 0.225237 0.000000 0.221813
Urotrichus_talpoides 0.225237 0.231204 0.221813 0.000000

4
Equus_przewalskii 0.000000 0.218804 0.205002 0.272246
Ursus_arctos 0.218804 0.000000 0.232242 0.302288
Mazama_gouazoupira 0.205002 0.232242 0.000000 0.262492
Sus_celebensis 0.272246 0.302288 0.262492 0.000000

4
Equus_przewalskii 0.000000 0.218804 0.205002 0.225237
Ursus_arctos 0.218804 0.000000 0.232242 0.231204
Mazama_gouazoupira 0.205002 0.232242 0.000000 0.229181
Urotrichus_talpoides 0.225237 0.231204 0.229181 0.000000

4
Equus_przewalskii 0.000000 0.218804 0.272246 0.225237
Ursus_arctos 0.218804 0.000000 0.302288 0.231204
Sus_celebensis 0.272246 0.302288 0.000000 0.303066
Urotrichus_talpoides 0.225237 0.231204 0.303066 0.000000

4
Equus_przewalskii 0.000000 0.208426 0.249416 0.199502
Camelus_bactrianus 0.208426 0.000000 0.256784 0.219063
Eulemur_macaco_macaco 0.249416 0.256784 0.000000 0.261402
Hippopotamus_amphibius 0.199502 0.219063 0.261402 0.000000

4
Equus_przewalskii 0.000000 0.208426 0.249416 0.205313
Camelus_bactrianus 0.208426 0.000000 0.256784 0.223888
Eulemur_macaco_macaco 0.249416 0.256784 0.000000 0.268874
Balaenoptera_acutorostrata 0.205313 0.223888 0.268874 0.000000

4
Equus_przewalskii 0.000000 0.208426 0.249416 0.243242
Camelus_bactrianus 0.208426 0.000000 0.256784 0.253775
Eulemur_macaco_macaco 0.249416 0.256784 0.000000 0.265293
Elephantulus_sp. 0.243242 0.253775 0.265293 0.000000

4
Equus_przewalskii 0.000000 0.208426 0.249416 0.224200
Camelus_bactrianus 0.208426 0.000000 0.256784 0.240648
Eulemur_macaco_macaco 0.249416 0.256784 0.000000 0.284595
Oryx_dammah 0.224200 0.240648 0.284595 0.000000

4
Equus_przewalskii 0.000000 0.208426 0.249416 0.206818
Camelus_bactrianus 0.208426 0.000000 0.256784 0.223992
Eulemur_macaco_macaco 0.249416 0.256784 0.000000 0.262595
Muntiacus_crinifrons 0.206818 0.223992 0.262595 0.000000

4
Equus_przewalskii 0.000000 0.208426 0.249416 0.217299
Camelus_bactrianus 0.208426 0.000000 0.256784 0.232190
Eulemur_macaco_macaco 0.249416 0.256784 0.000000 0.271624
Ovis_orientalis_ophion 0.217299 0.232190 0.271624 0.000000

4
Equus_przewalskii 0.000000 0.208426 0.249416 0.250143
Camelus_bactrianus 0.208426 0.000000 0.256784 0.259586
Eulemur_macaco_macaco 0.249416 0.256784 0.000000 0.288902
Pipistrellus_abramus 0.250143 0.259586 0.288902 0.000000

4
Equus_przewalskii 0.000000 0.208426 0.249416 0.205157
Camelus_bactrianus 0.208426 0.000000 0.256784 0.232450
Eulemur_macaco_macaco 0.249416 0.256784 0.000000 0.258289
Rhinolophus_pumilus 0.205157 0.232450 0.258289 0.000000

4
Equus_przewalskii 0.000000 0.208426 0.249416 0.200176
Camelus_bactrianus 0.208426 0.000000 0.256784 0.213719
Eulemur_macaco_macaco 0.249416 0.256784 0.000000 0.257044
Pecari_tajacu 0.200176 0.213719 0.257044 0.000000

4
Equus_przewalskii 0.000000 0.208426 0.249416 0.205002
Camelus_bactrianus 0.208426 0.000000 0.256784 0.220723
Eulemur_macaco_macaco 0.249416 0.256784 0.000000 0.261817
Mazama_gouazoupira 0.205002 0.220723 0.261817 0.000000

4
Equus_przewalskii 0.000000 0.208426 0.249416 0.272246
Camelus_bactrianus 0.208426 0.000000 0.256784 0.290406
Eulemur_macaco_macaco 0.249416 0.256784 0.000000 0.335599
Sus_celebensis 0.272246 0.290406 0.335599 0.000000

4
Equus_przewalskii 0.000000 0.208426 0.249416 0.225237
Camelus_bactrianus 0.208426 0.000000 0.256784 0.233072
Eulemur_macaco_macaco 0.249416 0.256784 0.000000 0.255746
Urotrichus_talpoides 0.225237 0.233072 0.255746 0.000000

4
Equus_przewalskii 0.000000 0.208426 0.199502 0.205313
Camelus_bactrianus 0.208426 0.000000 0.219063 0.223888
Hippopotamus_amphibius 0.199502 0.219063 0.000000 0.181653
Balaenoptera_acutorostrata 0.205313 0.223888 0.181653 0.000000

4
Equus_przewalskii 0.000000 0.208426 0.199502 0.243242
Camelus_bactrianus 0.208426 0.000000 0.219063 0.253775
Hippopotamus_amphibius 0.199502 0.219063 0.000000 0.260364
Elephantulus_sp. 0.243242 0.253775 0.260364 0.000000

4
Equus_przewalskii 0.000000 0.208426 0.199502 0.224200
Camelus_bactrianus 0.208426 0.000000 0.219063 0.240648
Hippopotamus_amphibius 0.199502 0.219063 0.000000 0.207959
Oryx_dammah 0.224200 0.240648 0.207959 0.000000

4
Equus_przewalskii 0.000000 0.208426 0.199502 0.206818
Camelus_bactrianus 0.208426 0.000000 0.219063 0.223992
Hippopotamus_amphibius 0.199502 0.219063 0.000000 0.192186
Muntiacus_crinifrons 0.206818 0.223992 0.192186 0.000000

4
Equus_przewalskii 0.000000 0.208426 0.199502 0.217299
Camelus_bactrianus 0.208426 0.000000 0.219063 0.232190
Hippopotamus_amphibius 0.199502 0.219063 0.000000 0.199191
Ovis_orientalis_ophion 0.217299 0.232190 0.199191 0.000000

4
Equus_przewalskii 0.000000 0.208426 0.199502 0.250143
Camelus_bactrianus 0.208426 0.000000 0.219063 0.259586
Hippopotamus_amphibius 0.199502 0.219063 0.000000 0.264567
Pipistrellus_abramus 0.250143 0.259586 0.264567 0.000000

4
Equus_przewalskii 0.000000 0.208426 0.199502 0.205157
Camelus_bactrianus 0.208426 0.000000 0.219063 0.232450
Hippopotamus_amphibius 0.199502 0.219063 0.000000 0.227676
Rhinolophus_pumilus 0.205157 0.232450 0.227676 0.000000

4
Equus_przewalskii 0.000000 0.208426 0.199502 0.200176
Camelus_bactrianus 0.208426 0.000000 0.219063 0.213719
Hippopotamus_amphibius 0.199502 0.219063 0.000000 0.208219
Pecari_tajacu 0.200176 0.213719 0.208219 0.000000

4
Equus_przewalskii 0.000000 0.208426 0.199502 0.205002
Camelus_bactrianus 0.208426 0.000000 0.219063 0.220723
Hippopotamus_amphibius 0.199502 0.219063 0.000000 0.196908
Mazama_gouazoupira 0.205002 0.220723 0.196908 0.000000

4
Equus_przewalskii 0.000000 0.208426 0.199502 0.272246
Camelus_bactrianus 0.208426 0.000000 0.219063 0.290406
Hippopotamus_amphibius 0.199502 0.219063 0.000000 0.269081
Sus_celebensis 0.272246 0.290406 0.269081 0.000000

4
Equus_przewalskii 0.000000 0.208426 0.199502 0.225237
Camelus_bactrianus 0.208426 0.000000 0.219063 0.233072
Hippopotamus_amphibius 0.199502 0.219063 0.000000 0.239143
Urotrichus_talpoides 0.225237 0.233072 0.239143 0.000000

4
Equus_przewalskii 0.000000 0.208426 0.205313 0.243242
Camelus_bactrianus 0.208426 0.000000 0.223888 0.253775
Balaenoptera_acutorostrata 0.205313 0.223888 0.000000 0.264567
Elephantulus_sp. 0.243242 0.253775 0.264567 0.000000

4
Equus_przewalskii 0.000000 0.208426 0.205313 0.224200
Camelus_bactrianus 0.208426 0.000000 0.223888 0.240648
Balaenoptera_acutorostrata 0.205313 0.223888 0.000000 0.207492
Oryx_dammah 0.224200 0.240648 0.207492 0.000000

4
Equus_przewalskii 0.000000 0.208426 0.205313 0.206818
Camelus_bactrianus 0.208426 0.000000 0.223888 0.223992
Balaenoptera_acutorostrata 0.205313 0.223888 0.000000 0.188346
Muntiacus_crinifrons 0.206818 0.223992 0.188346 0.000000

4
Equus_przewalskii 0.000000 0.208426 0.205313 0.217299
Camelus_bactrianus 0.208426 0.000000 0.223888 0.232190
Balaenoptera_acutorostrata 0.205313 0.223888 0.000000 0.197063
Ovis_orientalis_ophion 0.217299 0.232190 0.197063 0.000000

4
Equus_przewalskii 0.000000 0.208426 0.205313 0.250143
Camelus_bactrianus 0.208426 0.000000 0.223888 0.259586
Balaenoptera_acutorostrata 0.205313 0.223888 0.000000 0.265293
Pipistrellus_abramus 0.250143 0.259586 0.265293 0.000000

4
Equus_przewalskii 0.000000 0.208426 0.205313 0.205157
Camelus_bactrianus 0.208426 0.000000 0.223888 0.232450
Balaenoptera_acutorostrata 0.205313 0.223888 0.000000 0.232865
Rhinolophus_pumilus 0.205157 0.232450 0.232865 0.000000

4
Equus_przewalskii 0.000000 0.208426 0.205313 0.200176
Camelus_bactrianus 0.208426 0.000000 0.223888 0.213719
Balaenoptera_acutorostrata 0.205313 0.223888 0.000000 0.210761
Pecari_tajacu 0.200176 0.213719 0.210761 0.000000

4
Equus_przewalskii 0.000000 0.208426 0.205313 0.205002
Camelus_bactrianus 0.208426 0.000000 0.223888 0.220723
Balaenoptera_acutorostrata 0.205313 0.223888 0.000000 0.191460
Mazama_gouazoupira 0.205002 0.220723 0.191460 0.000000

4
Equus_przewalskii 0.000000 0.208426 0.205313 0.272246
Camelus_bactrianus 0.208426 0.000000 0.223888 0.290406
Balaenoptera_acutorostrata 0.205313 0.223888 0.000000 0.264878
Sus_celebensis 0.272246 0.290406 0.264878 0.000000

4
Equus_przewalskii 0.000000 0.208426 0.205313 0.225237
Camelus_bactrianus 0.208426 0.000000 0.223888 0.233072
Balaenoptera_acutorostrata 0.205313 0.223888 0.000000 0.241789
Urotrichus_talpoides 0.225237 0.233072 0.241789 0.000000

4
Equus_przewalskii 0.000000 0.208426 0.243242 0.224200
Camelus_bactrianus 0.208426 0.000000 0.253775 0.240648
Elephantulus_sp. 0.243242 0.253775 0.000000 0.283194
Oryx_dammah 0.224200 0.240648 0.283194 0.000000

4
Equus_przewalskii 0.000000 0.208426 0.243242 0.206818
Camelus_bactrianus 0.208426 0.000000 0.253775 0.223992
Elephantulus_sp. 0.243242 0.253775 0.000000 0.262803
Muntiacus_crinifrons 0.206818 0.223992 0.262803 0.000000

4
Equus_przewalskii 0.000000 0.208426 0.243242 0.217299
Camelus_bactrianus 0.208426 0.000000 0.253775 0.232190
Elephantulus_sp. 0.243242 0.253775 0.000000 0.273180
Ovis_orientalis_ophion 0.217299 0.232190 0.273180 0.000000

4
Equus_przewalskii 0.000000 0.208426 0.243242 0.250143
Camelus_bactrianus 0.208426 0.000000 0.253775 0.259586
Elephantulus_sp. 0.243242 0.253775 0.000000 0.281171
Pipistrellus_abramus 0.250143 0.259586 0.281171 0.000000

4
Equus_przewalskii 0.000000 0.208426 0.243242 0.205157
Camelus_bactrianus 0.208426 0.000000 0.253775 0.232450
Elephantulus_sp. 0.243242 0.253775 0.000000 0.261713
Rhinolophus_pumilus 0.205157 0.232450 0.261713 0.000000

4
Equus_przewalskii 0.000000 0.208426 0.243242 0.200176
Camelus_bactrianus 0.208426 0.000000 0.253775 0.213719
Elephantulus_sp. 0.243242 0.253775 0.000000 0.256628
Pecari_tajacu 0.200176 0.213719 0.256628 0.000000

4
Equus_przewalskii 0.000000 0.208426 0.243242 0.205002
Camelus_bactrianus 0.208426 0.000000 0.253775 0.220723
Elephantulus_sp. 0.243242 0.253775 0.000000 0.263477
Mazama_gouazoupira 0.205002 0.220723 0.263477 0.000000

4
Equus_przewalskii 0.000000 0.208426 0.243242 0.272246
Camelus_bactrianus 0.208426 0.000000 0.253775 0.290406
Elephantulus_sp. 0.243242 0.253775 0.000000 0.329528
Sus_celebensis 0.272246 0.290406 0.329528 0.000000

4
Equus_przewalskii 0.000000 0.208426 0.243242 0.225237
Camelus_bactrianus 0.208426 0.000000 0.253775 0.233072
Elephantulus_sp. 0.243242 0.253775 0.000000 0.255591
Urotrichus_talpoides 0.225237 0.233072 0.255591 0.000000

4
Equus_przewalskii 0.000000 0.208426 0.224200 0.206818
Camelus_bactrianus 0.208426 0.000000 0.240648 0.223992
Oryx_dammah 0.224200 0.240648 0.000000 0.159342
Muntiacus_crinifrons 0.206818 0.223992 0.159342 0.000000

4
Equus_przewalskii 0.000000 0.208426 0.224200 0.217299
Camelus_bactrianus 0.208426 0.000000 0.240648 0.232190
Oryx_dammah 0.224200 0.240648 0.000000 0.128418
Ovis_orientalis_ophion 0.217299 0.232190 0.128418 0.000000

4
Equus_przewalskii 0.000000 0.208426 0.224200 0.250143
Camelus_bactrianus 0.208426 0.000000 0.240648 0.259586
Oryx_dammah 0.224200 0.240648 0.000000 0.263685
Pipistrellus_abramus 0.250143 0.259586 0.263685 0.000000

4
Equus_przewalskii 0.000000 0.208426 0.224200 0.205157
Camelus_bactrianus 0.208426 0.000000 0.240648 0.232450
Oryx_dammah 0.224200 0.240648 0.000000 0.249416
Rhinolophus_pumilus 0.205157 0.232450 0.249416 0.000000

4
Equus_przewalskii 0.000000 0.208426 0.224200 0.200176
Camelus_bactrianus 0.208426 0.000000 0.240648 0.213719
Oryx_dammah 0.224200 0.240648 0.000000 0.230218
Pecari_tajacu 0.200176 0.213719 0.230218 0.000000

4
Equus_przewalskii 0.000000 0.208426 0.224200 0.205002
Camelus_bactrianus 0.208426 0.000000 0.240648 0.220723
Oryx_dammah 0.224200 0.240648 0.000000 0.157059
Mazama_gouazoupira 0.205002 0.220723 0.157059 0.000000

4
Equus_przewalskii 0.000000 0.208426 0.224200 0.272246
Camelus_bactrianus 0.208426 0.000000 0.240648 0.290406
Oryx_dammah 0.224200 0.240648 0.000000 0.282727
Sus_celebensis 0.272246 0.290406 0.282727 0.000000

4
Equus_przewalskii 0.000000 0.208426 0.224200 0.225237
Camelus_bactrianus 0.208426 0.000000 0.240648 0.233072
Oryx_dammah 0.224200 0.240648 0.000000 0.253567
Urotrichus_talpoides 0.225237 0.233072 0.253567 0.000000

4
Equus_przewalskii 0.000000 0.208426 0.206818 0.217299
Camelus_bactrianus 0.208426 0.000000 0.223992 0.232190
Muntiacus_crinifrons 0.206818 0.223992 0.000000 0.146838
Ovis_orientalis_ophion 0.217299 0.232190 0.146838 0.000000

4
Equus_przewalskii 0.000000 0.208426 0.206818 0.250143
Camelus_bactrianus 0.208426 0.000000 0.223992 0.259586
Muntiacus_crinifrons 0.206818 0.223992 0.000000 0.253100
Pipistrellus_abramus 0.250143 0.259586 0.253100 0.000000

4
Equus_przewalskii 0.000000 0.208426 0.206818 0.205157
Camelus_bactrianus 0.208426 0.000000 0.223992 0.232450
Muntiacus_crinifrons 0.206818 0.223992 0.000000 0.230582
Rhinolophus_pumilus 0.205157 0.232450 0.230582 0.000000

4
Equus_przewalskii 0.000000 0.208426 0.206818 0.200176
Camelus_bactrianus 0.208426 0.000000 0.223992 0.213719
Muntiacus_crinifrons 0.206818 0.223992 0.000000 0.211280
Pecari_tajacu 0.200176 0.213719 0.211280 0.000000

4
Equus_przewalskii 0.000000 0.208426 0.206818 0.205002
Camelus_bactrianus 0.208426 0.000000 0.223992 0.220723
Muntiacus_crinifrons 0.206818 0.223992 0.000000 0.108442
Mazama_gouazoupira 0.205002 0.220723 0.108442 0.000000

4
Equus_przewalskii 0.000000 0.208426 0.206818 0.272246
Camelus_bactrianus 0.208426 0.000000 0.223992 0.290406
Muntiacus_crinifrons 0.206818 0.223992 0.000000 0.261091
Sus_celebensis 0.272246 0.290406 0.261091 0.000000

4
Equus_przewalskii 0.000000 0.208426 0.206818 0.225237
Camelus_bactrianus 0.208426 0.000000 0.223992 0.233072
Muntiacus_crinifrons 0.206818 0.223992 0.000000 0.232242
Urotrichus_talpoides 0.225237 0.233072 0.232242 0.000000

4
Equus_przewalskii 0.000000 0.208426 0.217299 0.250143
Camelus_bactrianus 0.208426 0.000000 0.232190 0.259586
Ovis_orientalis_ophion 0.217299 0.232190 0.000000 0.252841
Pipistrellus_abramus 0.250143 0.259586 0.252841 0.000000

4
Equus_przewalskii 0.000000 0.208426 0.217299 0.205157
Camelus_bactrianus 0.208426 0.000000 0.232190 0.232450
Ovis_orientalis_ophion 0.217299 0.232190 0.000000 0.236549
Rhinolophus_pumilus 0.205157 0.232450 0.236549 0.000000

4
Equus_przewalskii 0.000000 0.208426 0.217299 0.200176
Camelus_bactrianus 0.208426 0.000000 0.232190 0.213719
Ovis_orientalis_ophion 0.217299 0.232190 0.000000 0.216884
Pecari_tajacu 0.200176 0.213719 0.216884 0.000000

4
Equus_przewalskii 0.000000 0.208426 0.217299 0.205002
Camelus_bactrianus 0.208426 0.000000 0.232190 0.220723
Ovis_orientalis_ophion 0.217299 0.232190 0.000000 0.147356
Mazama_gouazoupira 0.205002 0.220723 0.147356 0.000000

4
Equus_przewalskii 0.000000 0.208426 0.217299 0.272246
Camelus_bactrianus 0.208426 0.000000 0.232190 0.290406
Ovis_orientalis_ophion 0.217299 0.232190 0.000000 0.268770
Sus_celebensis 0.272246 0.290406 0.268770 0.000000

4
Equus_przewalskii 0.000000 0.208426 0.217299 0.225237
Camelus_bactrianus 0.208426 0.000000 0.232190 0.233072
Ovis_orientalis_ophion 0.217299 0.232190 0.000000 0.242671
Urotrichus_talpoides 0.225237 0.233072 0.242671 0.000000

4
Equus_przewalskii 0.000000 0.208426 0.250143 0.205157
Camelus_bactrianus 0.208426 0.000000 0.259586 0.232450
Pipistrellus_abramus 0.250143 0.259586 0.000000 0.258237
Rhinolophus_pumilus 0.205157 0.232450 0.258237 0.000000

4
Equus_przewalskii 0.000000 0.208426 0.250143 0.200176
Camelus_bactrianus 0.208426 0.000000 0.259586 0.213719
Pipistrellus_abramus 0.250143 0.259586 0.000000 0.251232
Pecari_tajacu 0.200176 0.213719 0.251232 0.000000

4
Equus_przewalskii 0.000000 0.208426 0.250143 0.205002
Camelus_bactrianus 0.208426 0.000000 0.259586 0.220723
Pipistrellus_abramus 0.250143 0.259586 0.000000 0.247237
Mazama_gouazoupira 0.205002 0.220723 0.247237 0.000000

4
Equus_przewalskii 0.000000 0.208426 0.250143 0.272246
Camelus_bactrianus 0.208426 0.000000 0.259586 0.290406
Pipistrellus_abramus 0.250143 0.259586 0.000000 0.327920
Sus_celebensis 0.272246 0.290406 0.327920 0.000000

4
Equus_przewalskii 0.000000 0.208426 0.250143 0.225237
Camelus_bactrianus 0.208426 0.000000 0.259586 0.233072
Pipistrellus_abramus 0.250143 0.259586 0.000000 0.253723
Urotrichus_talpoides 0.225237 0.233072 0.253723 0.000000

4
Equus_przewalskii 0.000000 0.208426 0.205157 0.200176
Camelus_bactrianus 0.208426 0.000000 0.232450 0.213719
Rhinolophus_pumilus 0.205157 0.232450 0.000000 0.229284
Pecari_tajacu 0.200176 0.213719 0.229284 0.000000

4
Equus_przewalskii 0.000000 0.208426 0.205157 0.205002
Camelus_bactrianus 0.208426 0.000000 0.232450 0.220723
Rhinolophus_pumilus 0.205157 0.232450 0.000000 0.229129
Mazama_gouazoupira 0.205002 0.220723 0.229129 0.000000

4
Equus_przewalskii 0.000000 0.208426 0.205157 0.272246
Camelus_bactrianus 0.208426 0.000000 0.232450 0.290406
Rhinolophus_pumilus 0.205157 0.232450 0.000000 0.300368
Sus_celebensis 0.272246 0.290406 0.300368 0.000000

4
Equus_przewalskii 0.000000 0.208426 0.205157 0.225237
Camelus_bactrianus 0.208426 0.000000 0.232450 0.233072
Rhinolophus_pumilus 0.205157 0.232450 0.000000 0.236860
Urotrichus_talpoides 0.225237 0.233072 0.236860 0.000000

4
Equus_przewalskii 0.000000 0.208426 0.200176 0.205002
Camelus_bactrianus 0.208426 0.000000 0.213719 0.220723
Pecari_tajacu 0.200176 0.213719 0.000000 0.212110
Mazama_gouazoupira 0.205002 0.220723 0.212110 0.000000

4
Equus_przewalskii 0.000000 0.208426 0.200176 0.272246
Camelus_bactrianus 0.208426 0.000000 0.213719 0.290406
Pecari_tajacu 0.200176 0.213719 0.000000 0.256369
Sus_celebensis 0.272246 0.290406 0.256369 0.000000

4
Equus_przewalskii 0.000000 0.208426 0.200176 0.225237
Camelus_bactrianus 0.208426 0.000000 0.213719 0.233072
Pecari_tajacu 0.200176 0.213719 0.000000 0.221813
Urotrichus_talpoides 0.225237 0.233072 0.221813 0.000000

4
Equus_przewalskii 0.000000 0.208426 0.205002 0.272246
Camelus_bactrianus 0.208426 0.000000 0.220723 0.290406
Mazama_gouazoupira 0.205002 0.220723 0.000000 0.262492
Sus_celebensis 0.272246 0.290406 0.262492 0.000000

4
Equus_przewalskii 0.000000 0.208426 0.205002 0.225237
Camelus_bactrianus 0.208426 0.000000 0.220723 0.233072
Mazama_gouazoupira 0.205002 0.220723 0.000000 0.229181
Urotrichus_talpoides 0.225237 0.233072 0.229181 0.000000

4
Equus_przewalskii 0.000000 0.208426 0.272246 0.225237
Camelus_bactrianus 0.208426 0.000000 0.290406 0.233072
Sus_celebensis 0.272246 0.290406 0.000000 0.303066
Urotrichus_talpoides 0.225237 0.233072 0.303066 0.000000

4
Equus_przewalskii 0.000000 0.249416 0.199502 0.205313
Eulemur_macaco_macaco 0.249416 0.000000 0.261402 0.268874
Hippopotamus_amphibius 0.199502 0.261402 0.000000 0.181653
Balaenoptera_acutorostrata 0.205313 0.268874 0.181653 0.000000

4
Equus_przewalskii 0.000000 0.249416 0.199502 0.243242
Eulemur_macaco_macaco 0.249416 0.000000 0.261402 0.265293
Hippopotamus_amphibius 0.199502 0.261402 0.000000 0.260364
Elephantulus_sp. 0.243242 0.265293 0.260364 0.000000

4
Equus_przewalskii 0.000000 0.249416 0.199502 0.224200
Eulemur_macaco_macaco 0.249416 0.000000 0.261402 0.284595
Hippopotamus_amphibius 0.199502 0.261402 0.000000 0.207959
Oryx_dammah 0.224200 0.284595 0.207959 0.000000

4
Equus_przewalskii 0.000000 0.249416 0.199502 0.206818
Eulemur_macaco_macaco 0.249416 0.000000 0.261402 0.262595
Hippopotamus_amphibius 0.199502 0.261402 0.000000 0.192186
Muntiacus_crinifrons 0.206818 0.262595 0.192186 0.000000

4
Equus_przewalskii 0.000000 0.249416 0.199502 0.217299
Eulemur_macaco_macaco 0.249416 0.000000 0.261402 0.271624
Hippopotamus_amphibius 0.199502 0.261402 0.000000 0.199191
Ovis_orientalis_ophion 0.217299 0.271624 0.199191 0.000000

4
Equus_przewalskii 0.000000 0.249416 0.199502 0.250143
Eulemur_macaco_macaco 0.249416 0.000000 0.261402 0.288902
Hippopotamus_amphibius 0.199502 0.261402 0.000000 0.264567
Pipistrellus_abramus 0.250143 0.288902 0.264567 0.000000

4
Equus_przewalskii 0.000000 0.249416 0.199502 0.205157
Eulemur_macaco_macaco 0.249416 0.000000 0.261402 0.258289
Hippopotamus_amphibius 0.199502 0.261402 0.000000 0.227676
Rhinolophus_pumilus 0.205157 0.258289 0.227676 0.000000

4
Equus_przewalskii 0.000000 0.249416 0.199502 0.200176
Eulemur_macaco_macaco 0.249416 0.000000 0.261402 0.257044
