4
Camelus_bactrianus 0.000000 0.281655 0.243628 0.248901
Elephantulus_sp. 0.281655 0.000000 0.286694 0.292377
Hippopotamus_amphibius 0.243628 0.286694 0.000000 0.216207
Mazama_gouazoupira 0.248901 0.292377 0.216207 0.000000

4
Camelus_bactrianus 0.000000 0.274022 0.238700 0.263339
Elephantulus_sp. 0.274022 0.000000 0.280283 0.305726
Hippopotamus_amphibius 0.238700 0.280283 0.000000 0.221699
Oryx_dammah 0.263339 0.305726 0.221699 0.000000

4
Camelus_bactrianus 0.000000 0.280105 0.240442 0.261019
Elephantulus_sp. 0.280105 0.000000 0.283888 0.304121
Mazama_gouazoupira 0.240442 0.283888 0.000000 0.168568
Oryx_dammah 0.261019 0.304121 0.168568 0.000000

4
Camelus_bactrianus 0.000000 0.242800 0.244249 0.264588
Hippopotamus_amphibius 0.242800 0.000000 0.215275 0.223388
Mazama_gouazoupira 0.244249 0.215275 0.000000 0.169033
Oryx_dammah 0.264588 0.223388 0.169033 0.000000

4
Elephantulus_sp. 0.000000 0.282890 0.284557 0.305305
Hippopotamus_amphibius 0.282890 0.000000 0.212943 0.221622
Mazama_gouazoupira 0.284557 0.212943 0.000000 0.167538
Oryx_dammah 0.305305 0.221622 0.167538 0.000000

4
Camelus_bactrianus 0.000000 0.281655 0.243628 0.248901
Elephantulus_sp. 0.281655 0.000000 0.286694 0.292377
Hippopotamus_amphibius 0.243628 0.286694 0.000000 0.216207
Mazama_gouazoupira 0.248901 0.292377 0.216207 0.000000

4
Camelus_bactrianus 0.000000 0.274022 0.238700 0.263339
Elephantulus_sp. 0.274022 0.000000 0.280283 0.305726
Hippopotamus_amphibius 0.238700 0.280283 0.000000 0.221699
Oryx_dammah 0.263339 0.305726 0.221699 0.000000

4
Camelus_bactrianus 0.000000 0.280105 0.240442 0.261019
Elephantulus_sp. 0.280105 0.000000 0.283888 0.304121
Mazama_gouazoupira 0.240442 0.283888 0.000000 0.168568
Oryx_dammah 0.261019 0.304121 0.168568 0.000000

4
Camelus_bactrianus 0.000000 0.242800 0.244249 0.264588
Hippopotamus_amphibius 0.242800 0.000000 0.215275 0.223388
Mazama_gouazoupira 0.244249 0.215275 0.000000 0.169033
Oryx_dammah 0.264588 0.223388 0.169033 0.000000

4
Elephantulus_sp. 0.000000 0.282890 0.284557 0.305305
Hippopotamus_amphibius 0.282890 0.000000 0.212943 0.221622
Mazama_gouazoupira 0.284557 0.212943 0.000000 0.167538
Oryx_dammah 0.305305 0.221622 0.167538 0.000000

4
Camelus_bactrianus 0.000000 0.281655 0.243628 0.248901
Elephantulus_sp. 0.281655 0.000000 0.286694 0.292377
Hippopotamus_amphibius 0.243628 0.286694 0.000000 0.216207
Mazama_gouazoupira 0.248901 0.292377 0.216207 0.000000

4
Camelus_bactrianus 0.000000 0.274022 0.238700 0.263339
Elephantulus_sp. 0.274022 0.000000 0.280283 0.305726
Hippopotamus_amphibius 0.238700 0.280283 0.000000 0.221699
Oryx_dammah 0.263339 0.305726 0.221699 0.000000

4
Camelus_bactrianus 0.000000 0.280105 0.240442 0.261019
Elephantulus_sp. 0.280105 0.000000 0.283888 0.304121
Mazama_gouazoupira 0.240442 0.283888 0.000000 0.168568
Oryx_dammah 0.261019 0.304121 0.168568 0.000000

4
Camelus_bactrianus 0.000000 0.242800 0.244249 0.264588
Hippopotamus_amphibius 0.242800 0.000000 0.215275 0.223388
Mazama_gouazoupira 0.244249 0.215275 0.000000 0.169033
Oryx_dammah 0.264588 0.223388 0.169033 0.000000

4
Elephantulus_sp. 0.000000 0.282890 0.284557 0.305305
Hippopotamus_amphibius 0.282890 0.000000 0.212943 0.221622
Mazama_gouazoupira 0.284557 0.212943 0.000000 0.167538
Oryx_dammah 0.305305 0.221622 0.167538 0.000000

