4
Equus_przewalskii 0.000000 0.180615 0.176568 0.200021
Ursus_arctos 0.180615 0.000000 0.187205 0.207700
Camelus_bactrianus 0.176568 0.187205 0.000000 0.207337
Eulemur_macaco_macaco 0.200021 0.207700 0.207337 0.000000

4
Equus_przewalskii 0.000000 0.180615 0.176568 0.167125
Ursus_arctos 0.180615 0.000000 0.187205 0.194780
Camelus_bactrianus 0.176568 0.187205 0.000000 0.186323
Hippopotamus_amphibius 0.167125 0.194780 0.186323 0.000000

4
Equus_przewalskii 0.000000 0.180615 0.176568 0.174441
Ursus_arctos 0.180615 0.000000 0.187205 0.197375
Camelus_bactrianus 0.176568 0.187205 0.000000 0.190474
Balaenoptera_acutorostrata 0.174441 0.197375 0.190474 0.000000

4
Equus_przewalskii 0.000000 0.180615 0.176568 0.192601
Ursus_arctos 0.180615 0.000000 0.187205 0.199761
Camelus_bactrianus 0.176568 0.187205 0.000000 0.199242
Elephantulus_sp. 0.192601 0.199761 0.199242 0.000000

4
Equus_przewalskii 0.000000 0.180615 0.176568 0.191615
Ursus_arctos 0.180615 0.000000 0.187205 0.215431
Camelus_bactrianus 0.176568 0.187205 0.000000 0.207700
Oryx_dammah 0.191615 0.215431 0.207700 0.000000

4
Equus_przewalskii 0.000000 0.180615 0.176568 0.176931
Ursus_arctos 0.180615 0.000000 0.187205 0.198257
Camelus_bactrianus 0.176568 0.187205 0.000000 0.191667
Muntiacus_crinifrons 0.176931 0.198257 0.191667 0.000000

4
Equus_przewalskii 0.000000 0.180615 0.176568 0.186945
Ursus_arctos 0.180615 0.000000 0.187205 0.211124
Camelus_bactrianus 0.176568 0.187205 0.000000 0.200851
Ovis_orientalis_ophion 0.186945 0.211124 0.200851 0.000000

4
Equus_przewalskii 0.000000 0.180615 0.176568 0.204275
Ursus_arctos 0.180615 0.000000 0.187205 0.212785
Camelus_bactrianus 0.176568 0.187205 0.000000 0.210035
Pipistrellus_abramus 0.204275 0.212785 0.210035 0.000000

4
Equus_przewalskii 0.000000 0.180615 0.176568 0.170082
Ursus_arctos 0.180615 0.000000 0.187205 0.194417
Camelus_bactrianus 0.176568 0.187205 0.000000 0.190993
Rhinolophus_pumilus 0.170082 0.194417 0.190993 0.000000

4
Equus_przewalskii 0.000000 0.180615 0.176568 0.163493
Ursus_arctos 0.180615 0.000000 0.187205 0.181964
Camelus_bactrianus 0.176568 0.187205 0.000000 0.176672
Pecari_tajacu 0.163493 0.181964 0.176672 0.000000

4
Equus_przewalskii 0.000000 0.180615 0.176568 0.176568
Ursus_arctos 0.180615 0.000000 0.187205 0.196441
Camelus_bactrianus 0.176568 0.187205 0.000000 0.189903
Mazama_gouazoupira 0.176568 0.196441 0.189903 0.000000

4
Equus_przewalskii 0.000000 0.180615 0.176568 0.246770
Ursus_arctos 0.180615 0.000000 0.187205 0.271624
Camelus_bactrianus 0.176568 0.187205 0.000000 0.265968
Sus_celebensis 0.246770 0.271624 0.265968 0.000000

4
Equus_przewalskii 0.000000 0.180615 0.176568 0.183002
Ursus_arctos 0.180615 0.000000 0.187205 0.186478
Camelus_bactrianus 0.176568 0.187205 0.000000 0.187983
Urotrichus_talpoides 0.183002 0.186478 0.187983 0.000000

4
Equus_przewalskii 0.000000 0.180615 0.200021 0.167125
Ursus_arctos 0.180615 0.000000 0.207700 0.194780
Eulemur_macaco_macaco 0.200021 0.207700 0.000000 0.211591
Hippopotamus_amphibius 0.167125 0.194780 0.211591 0.000000

4
Equus_przewalskii 0.000000 0.180615 0.200021 0.174441
Ursus_arctos 0.180615 0.000000 0.207700 0.197375
Eulemur_macaco_macaco 0.200021 0.207700 0.000000 0.217247
Balaenoptera_acutorostrata 0.174441 0.197375 0.217247 0.000000

4
Equus_przewalskii 0.000000 0.180615 0.200021 0.192601
Ursus_arctos 0.180615 0.000000 0.207700 0.199761
Eulemur_macaco_macaco 0.200021 0.207700 0.000000 0.209568
Elephantulus_sp. 0.192601 0.199761 0.209568 0.000000

4
Equus_przewalskii 0.000000 0.180615 0.200021 0.191615
Ursus_arctos 0.180615 0.000000 0.207700 0.215431
Eulemur_macaco_macaco 0.200021 0.207700 0.000000 0.232086
Oryx_dammah 0.191615 0.215431 0.232086 0.000000

4
Equus_przewalskii 0.000000 0.180615 0.200021 0.176931
Ursus_arctos 0.180615 0.000000 0.207700 0.198257
Eulemur_macaco_macaco 0.200021 0.207700 0.000000 0.216417
Muntiacus_crinifrons 0.176931 0.198257 0.216417 0.000000

4
Equus_przewalskii 0.000000 0.180615 0.200021 0.186945
Ursus_arctos 0.180615 0.000000 0.207700 0.211124
Eulemur_macaco_macaco 0.200021 0.207700 0.000000 0.225082
Ovis_orientalis_ophion 0.186945 0.211124 0.225082 0.000000

4
Equus_przewalskii 0.000000 0.180615 0.200021 0.204275
Ursus_arctos 0.180615 0.000000 0.207700 0.212785
Eulemur_macaco_macaco 0.200021 0.207700 0.000000 0.225601
Pipistrellus_abramus 0.204275 0.212785 0.225601 0.000000

4
Equus_przewalskii 0.000000 0.180615 0.200021 0.170082
Ursus_arctos 0.180615 0.000000 0.207700 0.194417
Eulemur_macaco_macaco 0.200021 0.207700 0.000000 0.200643
Rhinolophus_pumilus 0.170082 0.194417 0.200643 0.000000

4
Equus_przewalskii 0.000000 0.180615 0.200021 0.163493
Ursus_arctos 0.180615 0.000000 0.207700 0.181964
Eulemur_macaco_macaco 0.200021 0.207700 0.000000 0.201941
Pecari_tajacu 0.163493 0.181964 0.201941 0.000000

4
Equus_przewalskii 0.000000 0.180615 0.200021 0.176568
Ursus_arctos 0.180615 0.000000 0.207700 0.196441
Eulemur_macaco_macaco 0.200021 0.207700 0.000000 0.213822
Mazama_gouazoupira 0.176568 0.196441 0.213822 0.000000

4
Equus_przewalskii 0.000000 0.180615 0.200021 0.246770
Ursus_arctos 0.180615 0.000000 0.207700 0.271624
Eulemur_macaco_macaco 0.200021 0.207700 0.000000 0.298449
Sus_celebensis 0.246770 0.271624 0.298449 0.000000

4
Equus_przewalskii 0.000000 0.180615 0.200021 0.183002
Ursus_arctos 0.180615 0.000000 0.207700 0.186478
Eulemur_macaco_macaco 0.200021 0.207700 0.000000 0.199191
Urotrichus_talpoides 0.183002 0.186478 0.199191 0.000000

4
Equus_przewalskii 0.000000 0.180615 0.167125 0.174441
Ursus_arctos 0.180615 0.000000 0.194780 0.197375
Hippopotamus_amphibius 0.167125 0.194780 0.000000 0.154309
Balaenoptera_acutorostrata 0.174441 0.197375 0.154309 0.000000

4
Equus_przewalskii 0.000000 0.180615 0.167125 0.192601
Ursus_arctos 0.180615 0.000000 0.194780 0.199761
Hippopotamus_amphibius 0.167125 0.194780 0.000000 0.207337
Elephantulus_sp. 0.192601 0.199761 0.207337 0.000000

4
Equus_przewalskii 0.000000 0.180615 0.167125 0.191615
Ursus_arctos 0.180615 0.000000 0.194780 0.215431
Hippopotamus_amphibius 0.167125 0.194780 0.000000 0.178644
Oryx_dammah 0.191615 0.215431 0.178644 0.000000

4
Equus_przewalskii 0.000000 0.180615 0.167125 0.176931
Ursus_arctos 0.180615 0.000000 0.194780 0.198257
Hippopotamus_amphibius 0.167125 0.194780 0.000000 0.164790
Muntiacus_crinifrons 0.176931 0.198257 0.164790 0.000000

4
Equus_przewalskii 0.000000 0.180615 0.167125 0.186945
Ursus_arctos 0.180615 0.000000 0.194780 0.211124
Hippopotamus_amphibius 0.167125 0.194780 0.000000 0.171535
Ovis_orientalis_ophion 0.186945 0.211124 0.171535 0.000000

4
Equus_przewalskii 0.000000 0.180615 0.167125 0.204275
Ursus_arctos 0.180615 0.000000 0.194780 0.212785
Hippopotamus_amphibius 0.167125 0.194780 0.000000 0.215379
Pipistrellus_abramus 0.204275 0.212785 0.215379 0.000000

4
Equus_przewalskii 0.000000 0.180615 0.167125 0.170082
Ursus_arctos 0.180615 0.000000 0.194780 0.194417
Hippopotamus_amphibius 0.167125 0.194780 0.000000 0.190214
Rhinolophus_pumilus 0.170082 0.194417 0.190214 0.000000

4
Equus_przewalskii 0.000000 0.180615 0.167125 0.163493
Ursus_arctos 0.180615 0.000000 0.194780 0.181964
Hippopotamus_amphibius 0.167125 0.194780 0.000000 0.175531
Pecari_tajacu 0.163493 0.181964 0.175531 0.000000

4
Equus_przewalskii 0.000000 0.180615 0.167125 0.176568
Ursus_arctos 0.180615 0.000000 0.194780 0.196441
Hippopotamus_amphibius 0.167125 0.194780 0.000000 0.168163
Mazama_gouazoupira 0.176568 0.196441 0.168163 0.000000

4
Equus_przewalskii 0.000000 0.180615 0.167125 0.246770
Ursus_arctos 0.180615 0.000000 0.194780 0.271624
Hippopotamus_amphibius 0.167125 0.194780 0.000000 0.244435
Sus_celebensis 0.246770 0.271624 0.244435 0.000000

4
Equus_przewalskii 0.000000 0.180615 0.167125 0.183002
Ursus_arctos 0.180615 0.000000 0.194780 0.186478
Hippopotamus_amphibius 0.167125 0.194780 0.000000 0.194832
Urotrichus_talpoides 0.183002 0.186478 0.194832 0.000000

4
Equus_przewalskii 0.000000 0.180615 0.174441 0.192601
Ursus_arctos 0.180615 0.000000 0.197375 0.199761
Balaenoptera_acutorostrata 0.174441 0.197375 0.000000 0.210035
Elephantulus_sp. 0.192601 0.199761 0.210035 0.000000

4
Equus_przewalskii 0.000000 0.180615 0.174441 0.191615
Ursus_arctos 0.180615 0.000000 0.197375 0.215431
Balaenoptera_acutorostrata 0.174441 0.197375 0.000000 0.175634
Oryx_dammah 0.191615 0.215431 0.175634 0.000000

4
Equus_przewalskii 0.000000 0.180615 0.174441 0.176931
Ursus_arctos 0.180615 0.000000 0.197375 0.198257
Balaenoptera_acutorostrata 0.174441 0.197375 0.000000 0.157734
Muntiacus_crinifrons 0.176931 0.198257 0.157734 0.000000

4
Equus_przewalskii 0.000000 0.180615 0.174441 0.186945
Ursus_arctos 0.180615 0.000000 0.197375 0.211124
Balaenoptera_acutorostrata 0.174441 0.197375 0.000000 0.165724
Ovis_orientalis_ophion 0.186945 0.211124 0.165724 0.000000

4
Equus_przewalskii 0.000000 0.180615 0.174441 0.204275
Ursus_arctos 0.180615 0.000000 0.197375 0.212785
Balaenoptera_acutorostrata 0.174441 0.197375 0.000000 0.216572
Pipistrellus_abramus 0.204275 0.212785 0.216572 0.000000

4
Equus_przewalskii 0.000000 0.180615 0.174441 0.170082
Ursus_arctos 0.180615 0.000000 0.197375 0.194417
Balaenoptera_acutorostrata 0.174441 0.197375 0.000000 0.196077
Rhinolophus_pumilus 0.170082 0.194417 0.196077 0.000000

4
Equus_przewalskii 0.000000 0.180615 0.174441 0.163493
Ursus_arctos 0.180615 0.000000 0.197375 0.181964
Balaenoptera_acutorostrata 0.174441 0.197375 0.000000 0.177295
Pecari_tajacu 0.163493 0.181964 0.177295 0.000000

4
Equus_przewalskii 0.000000 0.180615 0.174441 0.176568
Ursus_arctos 0.180615 0.000000 0.197375 0.196441
Balaenoptera_acutorostrata 0.174441 0.197375 0.000000 0.161625
Mazama_gouazoupira 0.176568 0.196441 0.161625 0.000000

4
Equus_przewalskii 0.000000 0.180615 0.174441 0.246770
Ursus_arctos 0.180615 0.000000 0.197375 0.271624
Balaenoptera_acutorostrata 0.174441 0.197375 0.000000 0.239091
Sus_celebensis 0.246770 0.271624 0.239091 0.000000

4
Equus_przewalskii 0.000000 0.180615 0.174441 0.183002
Ursus_arctos 0.180615 0.000000 0.197375 0.186478
Balaenoptera_acutorostrata 0.174441 0.197375 0.000000 0.197426
Urotrichus_talpoides 0.183002 0.186478 0.197426 0.000000

4
Equus_przewalskii 0.000000 0.180615 0.192601 0.191615
Ursus_arctos 0.180615 0.000000 0.199761 0.215431
Elephantulus_sp. 0.192601 0.199761 0.000000 0.229907
Oryx_dammah 0.191615 0.215431 0.229907 0.000000

4
Equus_przewalskii 0.000000 0.180615 0.192601 0.176931
Ursus_arctos 0.180615 0.000000 0.199761 0.198257
Elephantulus_sp. 0.192601 0.199761 0.000000 0.211280
Muntiacus_crinifrons 0.176931 0.198257 0.211280 0.000000

4
Equus_przewalskii 0.000000 0.180615 0.192601 0.186945
Ursus_arctos 0.180615 0.000000 0.199761 0.211124
Elephantulus_sp. 0.192601 0.199761 0.000000 0.223058
Ovis_orientalis_ophion 0.186945 0.211124 0.223058 0.000000

4
Equus_przewalskii 0.000000 0.180615 0.192601 0.204275
Ursus_arctos 0.180615 0.000000 0.199761 0.212785
Elephantulus_sp. 0.192601 0.199761 0.000000 0.216365
Pipistrellus_abramus 0.204275 0.212785 0.216365 0.000000

4
Equus_przewalskii 0.000000 0.180615 0.192601 0.170082
Ursus_arctos 0.180615 0.000000 0.199761 0.194417
Elephantulus_sp. 0.192601 0.199761 0.000000 0.202823
Rhinolophus_pumilus 0.170082 0.194417 0.202823 0.000000

4
Equus_przewalskii 0.000000 0.180615 0.192601 0.163493
Ursus_arctos 0.180615 0.000000 0.199761 0.181964
Elephantulus_sp. 0.192601 0.199761 0.000000 0.199761
Pecari_tajacu 0.163493 0.181964 0.199761 0.000000

4
Equus_przewalskii 0.000000 0.180615 0.192601 0.176568
Ursus_arctos 0.180615 0.000000 0.199761 0.196441
Elephantulus_sp. 0.192601 0.199761 0.000000 0.211332
Mazama_gouazoupira 0.176568 0.196441 0.211332 0.000000

4
Equus_przewalskii 0.000000 0.180615 0.192601 0.246770
Ursus_arctos 0.180615 0.000000 0.199761 0.271624
Elephantulus_sp. 0.192601 0.199761 0.000000 0.282520
Sus_celebensis 0.246770 0.271624 0.282520 0.000000

4
Equus_przewalskii 0.000000 0.180615 0.192601 0.183002
Ursus_arctos 0.180615 0.000000 0.199761 0.186478
Elephantulus_sp. 0.192601 0.199761 0.000000 0.198412
Urotrichus_talpoides 0.183002 0.186478 0.198412 0.000000

4
Equus_przewalskii 0.000000 0.180615 0.191615 0.176931
Ursus_arctos 0.180615 0.000000 0.215431 0.198257
Oryx_dammah 0.191615 0.215431 0.000000 0.140196
Muntiacus_crinifrons 0.176931 0.198257 0.140196 0.000000

4
Equus_przewalskii 0.000000 0.180615 0.191615 0.186945
Ursus_arctos 0.180615 0.000000 0.215431 0.211124
Oryx_dammah 0.191615 0.215431 0.000000 0.112385
Ovis_orientalis_ophion 0.186945 0.211124 0.112385 0.000000

4
Equus_przewalskii 0.000000 0.180615 0.191615 0.204275
Ursus_arctos 0.180615 0.000000 0.215431 0.212785
Oryx_dammah 0.191615 0.215431 0.000000 0.212888
Pipistrellus_abramus 0.204275 0.212785 0.212888 0.000000

4
Equus_przewalskii 0.000000 0.180615 0.191615 0.170082
Ursus_arctos 0.180615 0.000000 0.215431 0.194417
Oryx_dammah 0.191615 0.215431 0.000000 0.210917
Rhinolophus_pumilus 0.170082 0.194417 0.210917 0.000000

4
Equus_przewalskii 0.000000 0.180615 0.191615 0.163493
Ursus_arctos 0.180615 0.000000 0.215431 0.181964
Oryx_dammah 0.191615 0.215431 0.000000 0.194158
Pecari_tajacu 0.163493 0.181964 0.194158 0.000000

4
Equus_przewalskii 0.000000 0.180615 0.191615 0.176568
Ursus_arctos 0.180615 0.000000 0.215431 0.196441
Oryx_dammah 0.191615 0.215431 0.000000 0.138328
Mazama_gouazoupira 0.176568 0.196441 0.138328 0.000000

4
Equus_przewalskii 0.000000 0.180615 0.191615 0.246770
Ursus_arctos 0.180615 0.000000 0.215431 0.271624
Oryx_dammah 0.191615 0.215431 0.000000 0.260105
Sus_celebensis 0.246770 0.271624 0.260105 0.000000

4
Equus_przewalskii 0.000000 0.180615 0.191615 0.183002
Ursus_arctos 0.180615 0.000000 0.215431 0.186478
Oryx_dammah 0.191615 0.215431 0.000000 0.211643
Urotrichus_talpoides 0.183002 0.186478 0.211643 0.000000

4
Equus_przewalskii 0.000000 0.180615 0.176931 0.186945
Ursus_arctos 0.180615 0.000000 0.198257 0.211124
Muntiacus_crinifrons 0.176931 0.198257 0.000000 0.129767
Ovis_orientalis_ophion 0.186945 0.211124 0.129767 0.000000

4
Equus_przewalskii 0.000000 0.180615 0.176931 0.204275
Ursus_arctos 0.180615 0.000000 0.198257 0.212785
Muntiacus_crinifrons 0.176931 0.198257 0.000000 0.206195
Pipistrellus_abramus 0.204275 0.212785 0.206195 0.000000

4
Equus_przewalskii 0.000000 0.180615 0.176931 0.170082
Ursus_arctos 0.180615 0.000000 0.198257 0.194417
Muntiacus_crinifrons 0.176931 0.198257 0.000000 0.196129
Rhinolophus_pumilus 0.170082 0.194417 0.196129 0.000000

4
Equus_przewalskii 0.000000 0.180615 0.176931 0.163493
Ursus_arctos 0.180615 0.000000 0.198257 0.181964
Muntiacus_crinifrons 0.176931 0.198257 0.000000 0.179837
Pecari_tajacu 0.163493 0.181964 0.179837 0.000000

4
Equus_przewalskii 0.000000 0.180615 0.176931 0.176568
Ursus_arctos 0.180615 0.000000 0.198257 0.196441
Muntiacus_crinifrons 0.176931 0.198257 0.000000 0.098324
Mazama_gouazoupira 0.176568 0.196441 0.098324 0.000000

4
Equus_przewalskii 0.000000 0.180615 0.176931 0.246770
Ursus_arctos 0.180615 0.000000 0.198257 0.271624
Muntiacus_crinifrons 0.176931 0.198257 0.000000 0.237171
Sus_celebensis 0.246770 0.271624 0.237171 0.000000

4
Equus_przewalskii 0.000000 0.180615 0.176931 0.183002
Ursus_arctos 0.180615 0.000000 0.198257 0.186478
Muntiacus_crinifrons 0.176931 0.198257 0.000000 0.190370
Urotrichus_talpoides 0.183002 0.186478 0.190370 0.000000

4
Equus_przewalskii 0.000000 0.180615 0.186945 0.204275
Ursus_arctos 0.180615 0.000000 0.211124 0.212785
Ovis_orientalis_ophion 0.186945 0.211124 0.000000 0.201992
Pipistrellus_abramus 0.204275 0.212785 0.201992 0.000000

4
Equus_przewalskii 0.000000 0.180615 0.186945 0.170082
Ursus_arctos 0.180615 0.000000 0.211124 0.194417
Ovis_orientalis_ophion 0.186945 0.211124 0.000000 0.201422
Rhinolophus_pumilus 0.170082 0.194417 0.201422 0.000000

4
Equus_przewalskii 0.000000 0.180615 0.186945 0.163493
Ursus_arctos 0.180615 0.000000 0.211124 0.181964
Ovis_orientalis_ophion 0.186945 0.211124 0.000000 0.184870
Pecari_tajacu 0.163493 0.181964 0.184870 0.000000

4
Equus_przewalskii 0.000000 0.180615 0.186945 0.176568
Ursus_arctos 0.180615 0.000000 0.211124 0.196441
Ovis_orientalis_ophion 0.186945 0.211124 0.000000 0.130078
Mazama_gouazoupira 0.176568 0.196441 0.130078 0.000000

4
Equus_przewalskii 0.000000 0.180615 0.186945 0.246770
Ursus_arctos 0.180615 0.000000 0.211124 0.271624
Ovis_orientalis_ophion 0.186945 0.211124 0.000000 0.246614
Sus_celebensis 0.246770 0.271624 0.246614 0.000000

4
Equus_przewalskii 0.000000 0.180615 0.186945 0.183002
Ursus_arctos 0.180615 0.000000 0.211124 0.186478
Ovis_orientalis_ophion 0.186945 0.211124 0.000000 0.201785
Urotrichus_talpoides 0.183002 0.186478 0.201785 0.000000

4
Equus_przewalskii 0.000000 0.180615 0.204275 0.170082
Ursus_arctos 0.180615 0.000000 0.212785 0.194417
Pipistrellus_abramus 0.204275 0.212785 0.000000 0.207129
Rhinolophus_pumilus 0.170082 0.194417 0.207129 0.000000

4
Equus_przewalskii 0.000000 0.180615 0.204275 0.163493
Ursus_arctos 0.180615 0.000000 0.212785 0.181964
Pipistrellus_abramus 0.204275 0.212785 0.000000 0.200125
Pecari_tajacu 0.163493 0.181964 0.200125 0.000000

4
Equus_przewalskii 0.000000 0.180615 0.204275 0.176568
Ursus_arctos 0.180615 0.000000 0.212785 0.196441
Pipistrellus_abramus 0.204275 0.212785 0.000000 0.202044
Mazama_gouazoupira 0.176568 0.196441 0.202044 0.000000

4
Equus_przewalskii 0.000000 0.180615 0.204275 0.246770
Ursus_arctos 0.180615 0.000000 0.212785 0.271624
Pipistrellus_abramus 0.204275 0.212785 0.000000 0.291081
Sus_celebensis 0.246770 0.271624 0.291081 0.000000

4
Equus_przewalskii 0.000000 0.180615 0.204275 0.183002
Ursus_arctos 0.180615 0.000000 0.212785 0.186478
Pipistrellus_abramus 0.204275 0.212785 0.000000 0.201266
Urotrichus_talpoides 0.183002 0.186478 0.201266 0.000000

4
Equus_przewalskii 0.000000 0.180615 0.170082 0.163493
Ursus_arctos 0.180615 0.000000 0.194417 0.181964
Rhinolophus_pumilus 0.170082 0.194417 0.000000 0.186478
Pecari_tajacu 0.163493 0.181964 0.186478 0.000000

4
Equus_przewalskii 0.000000 0.180615 0.170082 0.176568
Ursus_arctos 0.180615 0.000000 0.194417 0.196441
Rhinolophus_pumilus 0.170082 0.194417 0.000000 0.196804
Mazama_gouazoupira 0.176568 0.196441 0.196804 0.000000

4
Equus_przewalskii 0.000000 0.180615 0.170082 0.246770
Ursus_arctos 0.180615 0.000000 0.194417 0.271624
Rhinolophus_pumilus 0.170082 0.194417 0.000000 0.271675
Sus_celebensis 0.246770 0.271624 0.271675 0.000000

4
Equus_przewalskii 0.000000 0.180615 0.170082 0.183002
Ursus_arctos 0.180615 0.000000 0.194417 0.186478
Rhinolophus_pumilus 0.170082 0.194417 0.000000 0.191875
Urotrichus_talpoides 0.183002 0.186478 0.191875 0.000000

4
Equus_przewalskii 0.000000 0.180615 0.163493 0.176568
Ursus_arctos 0.180615 0.000000 0.181964 0.196441
Pecari_tajacu 0.163493 0.181964 0.000000 0.180719
Mazama_gouazoupira 0.176568 0.196441 0.180719 0.000000

4
Equus_przewalskii 0.000000 0.180615 0.163493 0.246770
Ursus_arctos 0.180615 0.000000 0.181964 0.271624
Pecari_tajacu 0.163493 0.181964 0.000000 0.240803
Sus_celebensis 0.246770 0.271624 0.240803 0.000000

4
Equus_przewalskii 0.000000 0.180615 0.163493 0.183002
Ursus_arctos 0.180615 0.000000 0.181964 0.186478
Pecari_tajacu 0.163493 0.181964 0.000000 0.178021
Urotrichus_talpoides 0.183002 0.186478 0.178021 0.000000

4
Equus_przewalskii 0.000000 0.180615 0.176568 0.246770
Ursus_arctos 0.180615 0.000000 0.196441 0.271624
Mazama_gouazoupira 0.176568 0.196441 0.000000 0.238416
Sus_celebensis 0.246770 0.271624 0.238416 0.000000

4
Equus_przewalskii 0.000000 0.180615 0.176568 0.183002
Ursus_arctos 0.180615 0.000000 0.196441 0.186478
Mazama_gouazoupira 0.176568 0.196441 0.000000 0.187879
Urotrichus_talpoides 0.183002 0.186478 0.187879 0.000000

4
Equus_przewalskii 0.000000 0.180615 0.246770 0.183002
Ursus_arctos 0.180615 0.000000 0.271624 0.186478
Sus_celebensis 0.246770 0.271624 0.000000 0.272921
Urotrichus_talpoides 0.183002 0.186478 0.272921 0.000000

4
Equus_przewalskii 0.000000 0.176568 0.200021 0.167125
Camelus_bactrianus 0.176568 0.000000 0.207337 0.186323
Eulemur_macaco_macaco 0.200021 0.207337 0.000000 0.211591
Hippopotamus_amphibius 0.167125 0.186323 0.211591 0.000000

4
Equus_przewalskii 0.000000 0.176568 0.200021 0.174441
Camelus_bactrianus 0.176568 0.000000 0.207337 0.190474
Eulemur_macaco_macaco 0.200021 0.207337 0.000000 0.217247
Balaenoptera_acutorostrata 0.174441 0.190474 0.217247 0.000000

4
Equus_przewalskii 0.000000 0.176568 0.200021 0.192601
Camelus_bactrianus 0.176568 0.000000 0.207337 0.199242
Eulemur_macaco_macaco 0.200021 0.207337 0.000000 0.209568
Elephantulus_sp. 0.192601 0.199242 0.209568 0.000000

4
Equus_przewalskii 0.000000 0.176568 0.200021 0.191615
Camelus_bactrianus 0.176568 0.000000 0.207337 0.207700
Eulemur_macaco_macaco 0.200021 0.207337 0.000000 0.232086
Oryx_dammah 0.191615 0.207700 0.232086 0.000000

4
Equus_przewalskii 0.000000 0.176568 0.200021 0.176931
Camelus_bactrianus 0.176568 0.000000 0.207337 0.191667
Eulemur_macaco_macaco 0.200021 0.207337 0.000000 0.216417
Muntiacus_crinifrons 0.176931 0.191667 0.216417 0.000000

4
Equus_przewalskii 0.000000 0.176568 0.200021 0.186945
Camelus_bactrianus 0.176568 0.000000 0.207337 0.200851
Eulemur_macaco_macaco 0.200021 0.207337 0.000000 0.225082
Ovis_orientalis_ophion 0.186945 0.200851 0.225082 0.000000

4
Equus_przewalskii 0.000000 0.176568 0.200021 0.204275
Camelus_bactrianus 0.176568 0.000000 0.207337 0.210035
Eulemur_macaco_macaco 0.200021 0.207337 0.000000 0.225601
Pipistrellus_abramus 0.204275 0.210035 0.225601 0.000000

4
Equus_przewalskii 0.000000 0.176568 0.200021 0.170082
Camelus_bactrianus 0.176568 0.000000 0.207337 0.190993
Eulemur_macaco_macaco 0.200021 0.207337 0.000000 0.200643
Rhinolophus_pumilus 0.170082 0.190993 0.200643 0.000000

4
Equus_przewalskii 0.000000 0.176568 0.200021 0.163493
Camelus_bactrianus 0.176568 0.000000 0.207337 0.176672
Eulemur_macaco_macaco 0.200021 0.207337 0.000000 0.201941
Pecari_tajacu 0.163493 0.176672 0.201941 0.000000

4
Equus_przewalskii 0.000000 0.176568 0.200021 0.176568
Camelus_bactrianus 0.176568 0.000000 0.207337 0.189903
Eulemur_macaco_macaco 0.200021 0.207337 0.000000 0.213822
Mazama_gouazoupira 0.176568 0.189903 0.213822 0.000000

4
Equus_przewalskii 0.000000 0.176568 0.200021 0.246770
Camelus_bactrianus 0.176568 0.000000 0.207337 0.265968
Eulemur_macaco_macaco 0.200021 0.207337 0.000000 0.298449
Sus_celebensis 0.246770 0.265968 0.298449 0.000000

4
Equus_przewalskii 0.000000 0.176568 0.200021 0.183002
Camelus_bactrianus 0.176568 0.000000 0.207337 0.187983
Eulemur_macaco_macaco 0.200021 0.207337 0.000000 0.199191
Urotrichus_talpoides 0.183002 0.187983 0.199191 0.000000

4
Equus_przewalskii 0.000000 0.176568 0.167125 0.174441
Camelus_bactrianus 0.176568 0.000000 0.186323 0.190474
Hippopotamus_amphibius 0.167125 0.186323 0.000000 0.154309
Balaenoptera_acutorostrata 0.174441 0.190474 0.154309 0.000000

4
Equus_przewalskii 0.000000 0.176568 0.167125 0.192601
Camelus_bactrianus 0.176568 0.000000 0.186323 0.199242
Hippopotamus_amphibius 0.167125 0.186323 0.000000 0.207337
Elephantulus_sp. 0.192601 0.199242 0.207337 0.000000

4
Equus_przewalskii 0.000000 0.176568 0.167125 0.191615
Camelus_bactrianus 0.176568 0.000000 0.186323 0.207700
Hippopotamus_amphibius 0.167125 0.186323 0.000000 0.178644
Oryx_dammah 0.191615 0.207700 0.178644 0.000000

4
Equus_przewalskii 0.000000 0.176568 0.167125 0.176931
Camelus_bactrianus 0.176568 0.000000 0.186323 0.191667
Hippopotamus_amphibius 0.167125 0.186323 0.000000 0.164790
Muntiacus_crinifrons 0.176931 0.191667 0.164790 0.000000

4
Equus_przewalskii 0.000000 0.176568 0.167125 0.186945
Camelus_bactrianus 0.176568 0.000000 0.186323 0.200851
Hippopotamus_amphibius 0.167125 0.186323 0.000000 0.171535
Ovis_orientalis_ophion 0.186945 0.200851 0.171535 0.000000

4
Equus_przewalskii 0.000000 0.176568 0.167125 0.204275
Camelus_bactrianus 0.176568 0.000000 0.186323 0.210035
Hippopotamus_amphibius 0.167125 0.186323 0.000000 0.215379
Pipistrellus_abramus 0.204275 0.210035 0.215379 0.000000

4
Equus_przewalskii 0.000000 0.176568 0.167125 0.170082
Camelus_bactrianus 0.176568 0.000000 0.186323 0.190993
Hippopotamus_amphibius 0.167125 0.186323 0.000000 0.190214
Rhinolophus_pumilus 0.170082 0.190993 0.190214 0.000000

4
Equus_przewalskii 0.000000 0.176568 0.167125 0.163493
Camelus_bactrianus 0.176568 0.000000 0.186323 0.176672
Hippopotamus_amphibius 0.167125 0.186323 0.000000 0.175531
Pecari_tajacu 0.163493 0.176672 0.175531 0.000000

4
Equus_przewalskii 0.000000 0.176568 0.167125 0.176568
Camelus_bactrianus 0.176568 0.000000 0.186323 0.189903
Hippopotamus_amphibius 0.167125 0.186323 0.000000 0.168163
Mazama_gouazoupira 0.176568 0.189903 0.168163 0.000000

4
Equus_przewalskii 0.000000 0.176568 0.167125 0.246770
Camelus_bactrianus 0.176568 0.000000 0.186323 0.265968
Hippopotamus_amphibius 0.167125 0.186323 0.000000 0.244435
Sus_celebensis 0.246770 0.265968 0.244435 0.000000

4
Equus_przewalskii 0.000000 0.176568 0.167125 0.183002
Camelus_bactrianus 0.176568 0.000000 0.186323 0.187983
Hippopotamus_amphibius 0.167125 0.186323 0.000000 0.194832
Urotrichus_talpoides 0.183002 0.187983 0.194832 0.000000

4
Equus_przewalskii 0.000000 0.176568 0.174441 0.192601
Camelus_bactrianus 0.176568 0.000000 0.190474 0.199242
Balaenoptera_acutorostrata 0.174441 0.190474 0.000000 0.210035
Elephantulus_sp. 0.192601 0.199242 0.210035 0.000000

4
Equus_przewalskii 0.000000 0.176568 0.174441 0.191615
Camelus_bactrianus 0.176568 0.000000 0.190474 0.207700
Balaenoptera_acutorostrata 0.174441 0.190474 0.000000 0.175634
Oryx_dammah 0.191615 0.207700 0.175634 0.000000

4
Equus_przewalskii 0.000000 0.176568 0.174441 0.176931
Camelus_bactrianus 0.176568 0.000000 0.190474 0.191667
Balaenoptera_acutorostrata 0.174441 0.190474 0.000000 0.157734
Muntiacus_crinifrons 0.176931 0.191667 0.157734 0.000000

4
Equus_przewalskii 0.000000 0.176568 0.174441 0.186945
Camelus_bactrianus 0.176568 0.000000 0.190474 0.200851
Balaenoptera_acutorostrata 0.174441 0.190474 0.000000 0.165724
Ovis_orientalis_ophion 0.186945 0.200851 0.165724 0.000000

4
Equus_przewalskii 0.000000 0.176568 0.174441 0.204275
Camelus_bactrianus 0.176568 0.000000 0.190474 0.210035
Balaenoptera_acutorostrata 0.174441 0.190474 0.000000 0.216572
Pipistrellus_abramus 0.204275 0.210035 0.216572 0.000000

4
Equus_przewalskii 0.000000 0.176568 0.174441 0.170082
Camelus_bactrianus 0.176568 0.000000 0.190474 0.190993
Balaenoptera_acutorostrata 0.174441 0.190474 0.000000 0.196077
Rhinolophus_pumilus 0.170082 0.190993 0.196077 0.000000

4
Equus_przewalskii 0.000000 0.176568 0.174441 0.163493
Camelus_bactrianus 0.176568 0.000000 0.190474 0.176672
Balaenoptera_acutorostrata 0.174441 0.190474 0.000000 0.177295
Pecari_tajacu 0.163493 0.176672 0.177295 0.000000

4
Equus_przewalskii 0.000000 0.176568 0.174441 0.176568
Camelus_bactrianus 0.176568 0.000000 0.190474 0.189903
Balaenoptera_acutorostrata 0.174441 0.190474 0.000000 0.161625
Mazama_gouazoupira 0.176568 0.189903 0.161625 0.000000

4
Equus_przewalskii 0.000000 0.176568 0.174441 0.246770
Camelus_bactrianus 0.176568 0.000000 0.190474 0.265968
Balaenoptera_acutorostrata 0.174441 0.190474 0.000000 0.239091
Sus_celebensis 0.246770 0.265968 0.239091 0.000000

4
Equus_przewalskii 0.000000 0.176568 0.174441 0.183002
Camelus_bactrianus 0.176568 0.000000 0.190474 0.187983
Balaenoptera_acutorostrata 0.174441 0.190474 0.000000 0.197426
Urotrichus_talpoides 0.183002 0.187983 0.197426 0.000000

4
Equus_przewalskii 0.000000 0.176568 0.192601 0.191615
Camelus_bactrianus 0.176568 0.000000 0.199242 0.207700
Elephantulus_sp. 0.192601 0.199242 0.000000 0.229907
Oryx_dammah 0.191615 0.207700 0.229907 0.000000

4
Equus_przewalskii 0.000000 0.176568 0.192601 0.176931
Camelus_bactrianus 0.176568 0.000000 0.199242 0.191667
Elephantulus_sp. 0.192601 0.199242 0.000000 0.211280
Muntiacus_crinifrons 0.176931 0.191667 0.211280 0.000000

4
Equus_przewalskii 0.000000 0.176568 0.192601 0.186945
Camelus_bactrianus 0.176568 0.000000 0.199242 0.200851
Elephantulus_sp. 0.192601 0.199242 0.000000 0.223058
Ovis_orientalis_ophion 0.186945 0.200851 0.223058 0.000000

4
Equus_przewalskii 0.000000 0.176568 0.192601 0.204275
Camelus_bactrianus 0.176568 0.000000 0.199242 0.210035
Elephantulus_sp. 0.192601 0.199242 0.000000 0.216365
Pipistrellus_abramus 0.204275 0.210035 0.216365 0.000000

4
Equus_przewalskii 0.000000 0.176568 0.192601 0.170082
Camelus_bactrianus 0.176568 0.000000 0.199242 0.190993
Elephantulus_sp. 0.192601 0.199242 0.000000 0.202823
Rhinolophus_pumilus 0.170082 0.190993 0.202823 0.000000

4
Equus_przewalskii 0.000000 0.176568 0.192601 0.163493
Camelus_bactrianus 0.176568 0.000000 0.199242 0.176672
Elephantulus_sp. 0.192601 0.199242 0.000000 0.199761
Pecari_tajacu 0.163493 0.176672 0.199761 0.000000

4
Equus_przewalskii 0.000000 0.176568 0.192601 0.176568
Camelus_bactrianus 0.176568 0.000000 0.199242 0.189903
Elephantulus_sp. 0.192601 0.199242 0.000000 0.211332
Mazama_gouazoupira 0.176568 0.189903 0.211332 0.000000

4
Equus_przewalskii 0.000000 0.176568 0.192601 0.246770
Camelus_bactrianus 0.176568 0.000000 0.199242 0.265968
Elephantulus_sp. 0.192601 0.199242 0.000000 0.282520
Sus_celebensis 0.246770 0.265968 0.282520 0.000000

4
Equus_przewalskii 0.000000 0.176568 0.192601 0.183002
Camelus_bactrianus 0.176568 0.000000 0.199242 0.187983
Elephantulus_sp. 0.192601 0.199242 0.000000 0.198412
Urotrichus_talpoides 0.183002 0.187983 0.198412 0.000000

4
Equus_przewalskii 0.000000 0.176568 0.191615 0.176931
Camelus_bactrianus 0.176568 0.000000 0.207700 0.191667
Oryx_dammah 0.191615 0.207700 0.000000 0.140196
Muntiacus_crinifrons 0.176931 0.191667 0.140196 0.000000

4
Equus_przewalskii 0.000000 0.176568 0.191615 0.186945
Camelus_bactrianus 0.176568 0.000000 0.207700 0.200851
Oryx_dammah 0.191615 0.207700 0.000000 0.112385
Ovis_orientalis_ophion 0.186945 0.200851 0.112385 0.000000

4
Equus_przewalskii 0.000000 0.176568 0.191615 0.204275
Camelus_bactrianus 0.176568 0.000000 0.207700 0.210035
Oryx_dammah 0.191615 0.207700 0.000000 0.212888
Pipistrellus_abramus 0.204275 0.210035 0.212888 0.000000

4
Equus_przewalskii 0.000000 0.176568 0.191615 0.170082
Camelus_bactrianus 0.176568 0.000000 0.207700 0.190993
Oryx_dammah 0.191615 0.207700 0.000000 0.210917
Rhinolophus_pumilus 0.170082 0.190993 0.210917 0.000000

4
Equus_przewalskii 0.000000 0.176568 0.191615 0.163493
Camelus_bactrianus 0.176568 0.000000 0.207700 0.176672
Oryx_dammah 0.191615 0.207700 0.000000 0.194158
Pecari_tajacu 0.163493 0.176672 0.194158 0.000000

4
Equus_przewalskii 0.000000 0.176568 0.191615 0.176568
Camelus_bactrianus 0.176568 0.000000 0.207700 0.189903
Oryx_dammah 0.191615 0.207700 0.000000 0.138328
Mazama_gouazoupira 0.176568 0.189903 0.138328 0.000000

4
Equus_przewalskii 0.000000 0.176568 0.191615 0.246770
Camelus_bactrianus 0.176568 0.000000 0.207700 0.265968
Oryx_dammah 0.191615 0.207700 0.000000 0.260105
Sus_celebensis 0.246770 0.265968 0.260105 0.000000

4
Equus_przewalskii 0.000000 0.176568 0.191615 0.183002
Camelus_bactrianus 0.176568 0.000000 0.207700 0.187983
Oryx_dammah 0.191615 0.207700 0.000000 0.211643
Urotrichus_talpoides 0.183002 0.187983 0.211643 0.000000

4
Equus_przewalskii 0.000000 0.176568 0.176931 0.186945
Camelus_bactrianus 0.176568 0.000000 0.191667 0.200851
Muntiacus_crinifrons 0.176931 0.191667 0.000000 0.129767
Ovis_orientalis_ophion 0.186945 0.200851 0.129767 0.000000

4
Equus_przewalskii 0.000000 0.176568 0.176931 0.204275
Camelus_bactrianus 0.176568 0.000000 0.191667 0.210035
Muntiacus_crinifrons 0.176931 0.191667 0.000000 0.206195
Pipistrellus_abramus 0.204275 0.210035 0.206195 0.000000

4
Equus_przewalskii 0.000000 0.176568 0.176931 0.170082
Camelus_bactrianus 0.176568 0.000000 0.191667 0.190993
Muntiacus_crinifrons 0.176931 0.191667 0.000000 0.196129
Rhinolophus_pumilus 0.170082 0.190993 0.196129 0.000000

4
Equus_przewalskii 0.000000 0.176568 0.176931 0.163493
Camelus_bactrianus 0.176568 0.000000 0.191667 0.176672
Muntiacus_crinifrons 0.176931 0.191667 0.000000 0.179837
Pecari_tajacu 0.163493 0.176672 0.179837 0.000000

4
Equus_przewalskii 0.000000 0.176568 0.176931 0.176568
Camelus_bactrianus 0.176568 0.000000 0.191667 0.189903
Muntiacus_crinifrons 0.176931 0.191667 0.000000 0.098324
Mazama_gouazoupira 0.176568 0.189903 0.098324 0.000000

4
Equus_przewalskii 0.000000 0.176568 0.176931 0.246770
Camelus_bactrianus 0.176568 0.000000 0.191667 0.265968
Muntiacus_crinifrons 0.176931 0.191667 0.000000 0.237171
Sus_celebensis 0.246770 0.265968 0.237171 0.000000

4
Equus_przewalskii 0.000000 0.176568 0.176931 0.183002
Camelus_bactrianus 0.176568 0.000000 0.191667 0.187983
Muntiacus_crinifrons 0.176931 0.191667 0.000000 0.190370
Urotrichus_talpoides 0.183002 0.187983 0.190370 0.000000

4
Equus_przewalskii 0.000000 0.176568 0.186945 0.204275
Camelus_bactrianus 0.176568 0.000000 0.200851 0.210035
Ovis_orientalis_ophion 0.186945 0.200851 0.000000 0.201992
Pipistrellus_abramus 0.204275 0.210035 0.201992 0.000000

4
Equus_przewalskii 0.000000 0.176568 0.186945 0.170082
Camelus_bactrianus 0.176568 0.000000 0.200851 0.190993
Ovis_orientalis_ophion 0.186945 0.200851 0.000000 0.201422
Rhinolophus_pumilus 0.170082 0.190993 0.201422 0.000000

4
Equus_przewalskii 0.000000 0.176568 0.186945 0.163493
Camelus_bactrianus 0.176568 0.000000 0.200851 0.176672
Ovis_orientalis_ophion 0.186945 0.200851 0.000000 0.184870
Pecari_tajacu 0.163493 0.176672 0.184870 0.000000

4
Equus_przewalskii 0.000000 0.176568 0.186945 0.176568
Camelus_bactrianus 0.176568 0.000000 0.200851 0.189903
Ovis_orientalis_ophion 0.186945 0.200851 0.000000 0.130078
Mazama_gouazoupira 0.176568 0.189903 0.130078 0.000000

4
Equus_przewalskii 0.000000 0.176568 0.186945 0.246770
Camelus_bactrianus 0.176568 0.000000 0.200851 0.265968
Ovis_orientalis_ophion 0.186945 0.200851 0.000000 0.246614
Sus_celebensis 0.246770 0.265968 0.246614 0.000000

4
Equus_przewalskii 0.000000 0.176568 0.186945 0.183002
Camelus_bactrianus 0.176568 0.000000 0.200851 0.187983
Ovis_orientalis_ophion 0.186945 0.200851 0.000000 0.201785
Urotrichus_talpoides 0.183002 0.187983 0.201785 0.000000

4
Equus_przewalskii 0.000000 0.176568 0.204275 0.170082
Camelus_bactrianus 0.176568 0.000000 0.210035 0.190993
Pipistrellus_abramus 0.204275 0.210035 0.000000 0.207129
Rhinolophus_pumilus 0.170082 0.190993 0.207129 0.000000

4
Equus_przewalskii 0.000000 0.176568 0.204275 0.163493
Camelus_bactrianus 0.176568 0.000000 0.210035 0.176672
Pipistrellus_abramus 0.204275 0.210035 0.000000 0.200125
Pecari_tajacu 0.163493 0.176672 0.200125 0.000000

4
Equus_przewalskii 0.000000 0.176568 0.204275 0.176568
Camelus_bactrianus 0.176568 0.000000 0.210035 0.189903
Pipistrellus_abramus 0.204275 0.210035 0.000000 0.202044
Mazama_gouazoupira 0.176568 0.189903 0.202044 0.000000

4
Equus_przewalskii 0.000000 0.176568 0.204275 0.246770
Camelus_bactrianus 0.176568 0.000000 0.210035 0.265968
Pipistrellus_abramus 0.204275 0.210035 0.000000 0.291081
Sus_celebensis 0.246770 0.265968 0.291081 0.000000

4
Equus_przewalskii 0.000000 0.176568 0.204275 0.183002
Camelus_bactrianus 0.176568 0.000000 0.210035 0.187983
Pipistrellus_abramus 0.204275 0.210035 0.000000 0.201266
Urotrichus_talpoides 0.183002 0.187983 0.201266 0.000000

4
Equus_przewalskii 0.000000 0.176568 0.170082 0.163493
Camelus_bactrianus 0.176568 0.000000 0.190993 0.176672
Rhinolophus_pumilus 0.170082 0.190993 0.000000 0.186478
Pecari_tajacu 0.163493 0.176672 0.186478 0.000000

4
Equus_przewalskii 0.000000 0.176568 0.170082 0.176568
Camelus_bactrianus 0.176568 0.000000 0.190993 0.189903
Rhinolophus_pumilus 0.170082 0.190993 0.000000 0.196804
Mazama_gouazoupira 0.176568 0.189903 0.196804 0.000000

4
Equus_przewalskii 0.000000 0.176568 0.170082 0.246770
Camelus_bactrianus 0.176568 0.000000 0.190993 0.265968
Rhinolophus_pumilus 0.170082 0.190993 0.000000 0.271675
Sus_celebensis 0.246770 0.265968 0.271675 0.000000

4
Equus_przewalskii 0.000000 0.176568 0.170082 0.183002
Camelus_bactrianus 0.176568 0.000000 0.190993 0.187983
Rhinolophus_pumilus 0.170082 0.190993 0.000000 0.191875
Urotrichus_talpoides 0.183002 0.187983 0.191875 0.000000

4
Equus_przewalskii 0.000000 0.176568 0.163493 0.176568
Camelus_bactrianus 0.176568 0.000000 0.176672 0.189903
Pecari_tajacu 0.163493 0.176672 0.000000 0.180719
Mazama_gouazoupira 0.176568 0.189903 0.180719 0.000000

4
Equus_przewalskii 0.000000 0.176568 0.163493 0.246770
Camelus_bactrianus 0.176568 0.000000 0.176672 0.265968
Pecari_tajacu 0.163493 0.176672 0.000000 0.240803
Sus_celebensis 0.246770 0.265968 0.240803 0.000000

4
Equus_przewalskii 0.000000 0.176568 0.163493 0.183002
Camelus_bactrianus 0.176568 0.000000 0.176672 0.187983
Pecari_tajacu 0.163493 0.176672 0.000000 0.178021
Urotrichus_talpoides 0.183002 0.187983 0.178021 0.000000

4
Equus_przewalskii 0.000000 0.176568 0.176568 0.246770
Camelus_bactrianus 0.176568 0.000000 0.189903 0.265968
Mazama_gouazoupira 0.176568 0.189903 0.000000 0.238416
Sus_celebensis 0.246770 0.265968 0.238416 0.000000

4
Equus_przewalskii 0.000000 0.176568 0.176568 0.183002
Camelus_bactrianus 0.176568 0.000000 0.189903 0.187983
Mazama_gouazoupira 0.176568 0.189903 0.000000 0.187879
Urotrichus_talpoides 0.183002 0.187983 0.187879 0.000000

4
Equus_przewalskii 0.000000 0.176568 0.246770 0.183002
Camelus_bactrianus 0.176568 0.000000 0.265968 0.187983
Sus_celebensis 0.246770 0.265968 0.000000 0.272921
Urotrichus_talpoides 0.183002 0.187983 0.272921 0.000000

4
Equus_przewalskii 0.000000 0.200021 0.167125 0.174441
Eulemur_macaco_macaco 0.200021 0.000000 0.211591 0.217247
Hippopotamus_amphibius 0.167125 0.211591 0.000000 0.154309
Balaenoptera_acutorostrata 0.174441 0.217247 0.154309 0.000000

4
Equus_przewalskii 0.000000 0.200021 0.167125 0.192601
Eulemur_macaco_macaco 0.200021 0.000000 0.211591 0.209568
Hippopotamus_amphibius 0.167125 0.211591 0.000000 0.207337
Elephantulus_sp. 0.192601 0.209568 0.207337 0.000000

4
Equus_przewalskii 0.000000 0.200021 0.167125 0.191615
Eulemur_macaco_macaco 0.200021 0.000000 0.211591 0.232086
Hippopotamus_amphibius 0.167125 0.211591 0.000000 0.178644
Oryx_dammah 0.191615 0.232086 0.178644 0.000000

4
Equus_przewalskii 0.000000 0.200021 0.167125 0.176931
Eulemur_macaco_macaco 0.200021 0.000000 0.211591 0.216417
Hippopotamus_amphibius 0.167125 0.211591 0.000000 0.164790
Muntiacus_crinifrons 0.176931 0.216417 0.164790 0.000000

4
Equus_przewalskii 0.000000 0.200021 0.167125 0.186945
Eulemur_macaco_macaco 0.200021 0.000000 0.211591 0.225082
Hippopotamus_amphibius 0.167125 0.211591 0.000000 0.171535
Ovis_orientalis_ophion 0.186945 0.225082 0.171535 0.000000

4
Equus_przewalskii 0.000000 0.200021 0.167125 0.204275
Eulemur_macaco_macaco 0.200021 0.000000 0.211591 0.225601
Hippopotamus_amphibius 0.167125 0.211591 0.000000 0.215379
Pipistrellus_abramus 0.204275 0.225601 0.215379 0.000000

4
Equus_przewalskii 0.000000 0.200021 0.167125 0.170082
Eulemur_macaco_macaco 0.200021 0.000000 0.211591 0.200643
Hippopotamus_amphibius 0.167125 0.211591 0.000000 0.190214
Rhinolophus_pumilus 0.170082 0.200643 0.190214 0.000000

4
Equus_przewalskii 0.000000 0.200021 0.167125 0.163493
Eulemur_macaco_macaco 0.200021 0.000000 0.211591 0.201941
