compatibilityTable_LtoL
          LCS      PValue   MrBaye   7Zip     Mfc1    
 LCS     0.000000 14.000000 16.000000 26.000000 18.000000 
 PValue  14.000000 0.000000 6.000000 26.000000 12.000000 
 MrBaye  16.000000 6.000000 0.000000 26.000000 10.000000 
 7Zip    26.000000 26.000000 26.000000 0.000000 26.000000 
 Mfc1    18.000000 12.000000 10.000000 26.000000 0.000000 


compatibilityTable_IQtoIQ
          LCS      PValue   MrBaye   7Zip     Mfc1    
 LCS     1.000000 0.861538 0.817582 0.667582 0.728022 
 PValue  0.861538 1.000000 0.881319 0.662088 0.788462 
 MrBaye  0.817582 0.881319 1.000000 0.658791 0.812637 
 7Zip    0.667582 0.662088 0.658791 1.000000 0.567582 
 Mfc1    0.728022 0.788462 0.812637 0.567582 1.000000 


new_compatibilityTable_LtoL
          LCS      PValue   MrBaye   7Zip     Mfc1    
 LCS     0.000000 0.538462 0.615385 1.000000 0.692308 
 PValue  0.538462 0.000000 0.230769 1.000000 0.461538 
 MrBaye  0.615385 0.230769 0.000000 1.000000 0.384615 
 7Zip    1.000000 1.000000 1.000000 0.000000 1.000000 
 Mfc1    0.692308 0.461538 0.384615 1.000000 0.000000 


new_compatibilityTable_IQtoIQ
          LCS      PValue   MrBaye   7Zip     Mfc1    
 LCS     0.000000 0.138462 0.182418 0.207418 0.271978 
 PValue  0.138462 0.000000 0.118681 0.212912 0.211538 
 MrBaye  0.182418 0.118681 0.000000 0.216209 0.187363 
 7Zip    0.207418 0.212912 0.216209 0.000000 0.307418 
 Mfc1    0.271978 0.211538 0.187363 0.307418 0.000000 


