compatibilityTable_LtoL
0.000000 2.000000 12.000000 
2.000000 0.000000 10.000000 
12.000000 10.000000 0.000000 


compatibilityTable_QtoQ
1.000000 0.925824 0.754396 
0.925824 1.000000 0.809341 
0.754396 0.809341 1.000000 


compatibilityTable_IQtoIQ
1.000000 0.973626 0.817033 
0.973626 1.000000 0.843407 
0.817033 0.843407 1.000000 


compatibilityTable_IQtoQ
0.844505 0.871978 0.804396 
0.821429 0.867582 0.830769 
0.754945 0.813187 0.863187 


new_compatibilityTable_LtoL
0.000000 0.076923 0.461538 
0.076923 0.000000 0.384615 
0.461538 0.384615 0.000000 


new_compatibilityTable_QtoQ
0.000000 0.074176 0.245604 
0.074176 0.000000 0.190659 
0.245604 0.190659 0.000000 


new_compatibilityTable_IQtoIQ
0.000000 0.026374 0.182967 
0.026374 0.000000 0.156593 
0.182967 0.156593 0.000000 


new_compatibilityTable_IQtoQ
0.155495 0.128022 0.195604 
0.178571 0.132418 0.169231 
0.245055 0.186813 0.136813 


