compatibilityTable_LtoL
          7Zip     Mfc1     Mfc2     Compar  
 7Zip    0.000000 2.285714 2.040816 3.653061 
 Mfc1    2.285714 0.000000 0.367347 4.469388 
 Mfc2    2.040816 0.367347 0.000000 4.428571 
 Compar  3.653061 4.469388 4.428571 0.000000 


new_compatibilityTable_LtoL
          7Zip     Mfc1     Mfc2     Compar  
 7Zip    0.000000 0.142857 0.127551 0.228316 
 Mfc1    0.142857 0.000000 0.022959 0.279337 
 Mfc2    0.127551 0.022959 0.000000 0.276786 
 Compar  0.228316 0.279337 0.276786 0.000000 


