compatibilityTable_LtoL
          7Zip     Mfc1     Mfc2     Compar  
 7Zip    0.000000 2.200000 1.900000 3.800000 
 Mfc1    2.200000 0.000000 0.450000 4.400000 
 Mfc2    1.900000 0.450000 0.000000 4.350000 
 Compar  3.800000 4.400000 4.350000 0.000000 


new_compatibilityTable_LtoL
          7Zip     Mfc1     Mfc2     Compar  
 7Zip    0.000000 0.137500 0.118750 0.237500 
 Mfc1    0.137500 0.000000 0.028125 0.275000 
 Mfc2    0.118750 0.028125 0.000000 0.271875 
 Compar  0.237500 0.275000 0.271875 0.000000 


