compatibilityTable_LtoL
          7Zip     Mfc1     Mfc2     Compar  
 7Zip    0.000000 2.905983 2.709402 4.025641 
 Mfc1    2.905983 0.000000 0.717949 4.478632 
 Mfc2    2.709402 0.717949 0.000000 4.427351 
 Compar  4.025641 4.478632 4.427351 0.000000 


new_compatibilityTable_LtoL
          7Zip     Mfc1     Mfc2     Compar  
 7Zip    0.000000 0.181624 0.169338 0.251603 
 Mfc1    0.181624 0.000000 0.044872 0.279915 
 Mfc2    0.169338 0.044872 0.000000 0.276709 
 Compar  0.251603 0.279915 0.276709 0.000000 


