compatibilityTable_LtoL
          7Zip     Mfc1     Mfc2     Compar  
 7Zip    0.000000 3.020000 2.840000 4.010000 
 Mfc1    3.020000 0.000000 0.680000 4.400000 
 Mfc2    2.840000 0.680000 0.000000 4.380000 
 Compar  4.010000 4.400000 4.380000 0.000000 


new_compatibilityTable_LtoL
          7Zip     Mfc1     Mfc2     Compar  
 7Zip    0.000000 0.188750 0.177500 0.250625 
 Mfc1    0.188750 0.000000 0.042500 0.275000 
 Mfc2    0.177500 0.042500 0.000000 0.273750 
 Compar  0.250625 0.275000 0.273750 0.000000 


