compatibilityTable_LtoL
          7Zip     Mfc1     Mfc2     Compar  
 7Zip    0.000000 2.943396 2.754717 4.144654 
 Mfc1    2.943396 0.000000 0.729560 4.396226 
 Mfc2    2.754717 0.729560 0.000000 4.358490 
 Compar  4.144654 4.396226 4.358490 0.000000 


new_compatibilityTable_LtoL
          7Zip     Mfc1     Mfc2     Compar  
 7Zip    0.000000 0.183962 0.172170 0.259041 
 Mfc1    0.183962 0.000000 0.045597 0.274764 
 Mfc2    0.172170 0.045597 0.000000 0.272406 
 Compar  0.259041 0.274764 0.272406 0.000000 


