compatibilityTable_LtoL
          7Zip     Mfc1     Mfc2     Compar  
 7Zip    0.000000 2.227273 1.954545 3.727273 
 Mfc1    2.227273 0.000000 0.409091 4.409091 
 Mfc2    1.954545 0.409091 0.000000 4.363636 
 Compar  3.727273 4.409091 4.363636 0.000000 


new_compatibilityTable_LtoL
          7Zip     Mfc1     Mfc2     Compar  
 7Zip    0.000000 0.139205 0.122159 0.232955 
 Mfc1    0.139205 0.000000 0.025568 0.275568 
 Mfc2    0.122159 0.025568 0.000000 0.272727 
 Compar  0.232955 0.275568 0.272727 0.000000 


