compatibilityTable_LtoL
          7Zip     Mfc1     Mfc2     Compar  
 7Zip    0.000000 3.089947 2.920635 4.058201 
 Mfc1    3.089947 0.000000 0.698413 4.407407 
 Mfc2    2.920635 0.698413 0.000000 4.375661 
 Compar  4.058201 4.407407 4.375661 0.000000 


new_compatibilityTable_LtoL
          7Zip     Mfc1     Mfc2     Compar  
 7Zip    0.000000 0.193122 0.182540 0.253638 
 Mfc1    0.193122 0.000000 0.043651 0.275463 
 Mfc2    0.182540 0.043651 0.000000 0.273479 
 Compar  0.253638 0.275463 0.273479 0.000000 


