compatibilityTable_LtoL
          7Zip     Mfc1     Mfc2     Compar  
 7Zip    0.000000 2.878049 2.703833 4.080139 
 Mfc1    2.878049 0.000000 0.724739 4.693380 
 Mfc2    2.703833 0.724739 0.000000 4.609756 
 Compar  4.080139 4.693380 4.609756 0.000000 


new_compatibilityTable_LtoL
          7Zip     Mfc1     Mfc2     Compar  
 7Zip    0.000000 0.179878 0.168990 0.255009 
 Mfc1    0.179878 0.000000 0.045296 0.293336 
 Mfc2    0.168990 0.045296 0.000000 0.288110 
 Compar  0.255009 0.293336 0.288110 0.000000 


