compatibilityTable_LtoL
          7Zip     Mfc1     Mfc2     Compar  
 7Zip    0.000000 3.009901 2.831683 4.009901 
 Mfc1    3.009901 0.000000 0.673267 4.396039 
 Mfc2    2.831683 0.673267 0.000000 4.376237 
 Compar  4.009901 4.396039 4.376237 0.000000 


new_compatibilityTable_LtoL
          7Zip     Mfc1     Mfc2     Compar  
 7Zip    0.000000 0.188119 0.176980 0.250619 
 Mfc1    0.188119 0.000000 0.042079 0.274752 
 Mfc2    0.176980 0.042079 0.000000 0.273515 
 Compar  0.250619 0.274752 0.273515 0.000000 


