compatibilityTable_LtoL
          7Zip     Mfc1     Mfc2     Compar  
 7Zip    0.000000 1.764706 1.294118 4.529412 
 Mfc1    1.764706 0.000000 0.470588 4.294117 
 Mfc2    1.294118 0.470588 0.000000 4.176471 
 Compar  4.529412 4.294117 4.176471 0.000000 


new_compatibilityTable_LtoL
          7Zip     Mfc1     Mfc2     Compar  
 7Zip    0.000000 0.110294 0.080882 0.283088 
 Mfc1    0.110294 0.000000 0.029412 0.268382 
 Mfc2    0.080882 0.029412 0.000000 0.261029 
 Compar  0.283088 0.268382 0.261029 0.000000 


