compatibilityTable_LtoL
          7Zip     Mfc1     Mfc2     Compar  
 7Zip    0.000000 2.897527 2.720848 4.095407 
 Mfc1    2.897527 0.000000 0.734982 4.724381 
 Mfc2    2.720848 0.734982 0.000000 4.639576 
 Compar  4.095407 4.724381 4.639576 0.000000 


new_compatibilityTable_LtoL
          7Zip     Mfc1     Mfc2     Compar  
 7Zip    0.000000 0.181095 0.170053 0.255963 
 Mfc1    0.181095 0.000000 0.045936 0.295274 
 Mfc2    0.170053 0.045936 0.000000 0.289973 
 Compar  0.255963 0.295274 0.289973 0.000000 


