compatibilityTable_LtoL
          7Zip     Mfc1     Mfc2     Compar  
 7Zip    0.000000 2.808511 2.638298 4.007092 
 Mfc1    2.808511 0.000000 0.666667 4.475177 
 Mfc2    2.638298 0.666667 0.000000 4.446808 
 Compar  4.007092 4.475177 4.446808 0.000000 


new_compatibilityTable_LtoL
          7Zip     Mfc1     Mfc2     Compar  
 7Zip    0.000000 0.175532 0.164894 0.250443 
 Mfc1    0.175532 0.000000 0.041667 0.279699 
 Mfc2    0.164894 0.041667 0.000000 0.277926 
 Compar  0.250443 0.279699 0.277926 0.000000 


