compatibilityTable_LtoL
          7Zip     Mfc1     Mfc2     Compar  
 7Zip    0.000000 2.975806 2.798387 4.241935 
 Mfc1    2.975806 0.000000 0.741935 4.733871 
 Mfc2    2.798387 0.741935 0.000000 4.653226 
 Compar  4.241935 4.733871 4.653226 0.000000 


new_compatibilityTable_LtoL
          7Zip     Mfc1     Mfc2     Compar  
 7Zip    0.000000 0.185988 0.174899 0.265121 
 Mfc1    0.185988 0.000000 0.046371 0.295867 
 Mfc2    0.174899 0.046371 0.000000 0.290827 
 Compar  0.265121 0.295867 0.290827 0.000000 


