compatibilityTable_LtoL
          7Zip     Mfc1     Mfc2     Compar  
 7Zip    0.000000 2.794702 2.609272 3.993377 
 Mfc1    2.794702 0.000000 0.688742 4.337749 
 Mfc2    2.609272 0.688742 0.000000 4.337749 
 Compar  3.993377 4.337749 4.337749 0.000000 


new_compatibilityTable_LtoL
          7Zip     Mfc1     Mfc2     Compar  
 7Zip    0.000000 0.174669 0.163079 0.249586 
 Mfc1    0.174669 0.000000 0.043046 0.271109 
 Mfc2    0.163079 0.043046 0.000000 0.271109 
 Compar  0.249586 0.271109 0.271109 0.000000 


