compatibilityTable_LtoL
          7Zip     Mfc1     Mfc2     Compar  
 7Zip    0.000000 2.649573 2.478632 4.008547 
 Mfc1    2.649573 0.000000 0.735043 4.709402 
 Mfc2    2.478632 0.735043 0.000000 4.692307 
 Compar  4.008547 4.709402 4.692307 0.000000 


new_compatibilityTable_LtoL
          7Zip     Mfc1     Mfc2     Compar  
 7Zip    0.000000 0.165598 0.154915 0.250534 
 Mfc1    0.165598 0.000000 0.045940 0.294338 
 Mfc2    0.154915 0.045940 0.000000 0.293269 
 Compar  0.250534 0.294338 0.293269 0.000000 


