compatibilityTable_LtoL
          7Zip     Mfc1     Mfc2     Compar  
 7Zip    0.000000 2.869565 2.669565 4.017391 
 Mfc1    2.869565 0.000000 0.721739 4.460870 
 Mfc2    2.669565 0.721739 0.000000 4.408696 
 Compar  4.017391 4.460870 4.408696 0.000000 


new_compatibilityTable_LtoL
          7Zip     Mfc1     Mfc2     Compar  
 7Zip    0.000000 0.179348 0.166848 0.251087 
 Mfc1    0.179348 0.000000 0.045109 0.278804 
 Mfc2    0.166848 0.045109 0.000000 0.275543 
 Compar  0.251087 0.278804 0.275543 0.000000 


