compatibilityTable_LtoL
          7Zip     Mfc1     Mfc2     Compar  
 7Zip    0.000000 2.942029 2.753623 4.101449 
 Mfc1    2.942029 0.000000 0.746377 4.717391 
 Mfc2    2.753623 0.746377 0.000000 4.630435 
 Compar  4.101449 4.717391 4.630435 0.000000 


new_compatibilityTable_LtoL
          7Zip     Mfc1     Mfc2     Compar  
 7Zip    0.000000 0.183877 0.172101 0.256341 
 Mfc1    0.183877 0.000000 0.046649 0.294837 
 Mfc2    0.172101 0.046649 0.000000 0.289402 
 Compar  0.256341 0.294837 0.289402 0.000000 


