compatibilityTable_LtoL
          7Zip     Mfc1     Mfc2     Compar  
 7Zip    0.000000 2.752294 2.532110 3.990826 
 Mfc1    2.752294 0.000000 0.752294 4.669725 
 Mfc2    2.532110 0.752294 0.000000 4.633028 
 Compar  3.990826 4.669725 4.633028 0.000000 


new_compatibilityTable_LtoL
          7Zip     Mfc1     Mfc2     Compar  
 7Zip    0.000000 0.172018 0.158257 0.249427 
 Mfc1    0.172018 0.000000 0.047018 0.291858 
 Mfc2    0.158257 0.047018 0.000000 0.289564 
 Compar  0.249427 0.291858 0.289564 0.000000 


