compatibilityTable_LtoL
          7Zip     Mfc1     Mfc2     Compar  
 7Zip    0.000000 2.773723 2.598540 3.992701 
 Mfc1    2.773723 0.000000 0.686131 4.547445 
 Mfc2    2.598540 0.686131 0.000000 4.518248 
 Compar  3.992701 4.547445 4.518248 0.000000 


new_compatibilityTable_LtoL
          7Zip     Mfc1     Mfc2     Compar  
 7Zip    0.000000 0.173358 0.162409 0.249544 
 Mfc1    0.173358 0.000000 0.042883 0.284215 
 Mfc2    0.162409 0.042883 0.000000 0.282391 
 Compar  0.249544 0.284215 0.282391 0.000000 


