compatibilityTable_LtoL
          7Zip     Mfc1     Mfc2     Compar  
 7Zip    0.000000 2.606557 2.426229 3.934426 
 Mfc1    2.606557 0.000000 0.721311 4.672131 
 Mfc2    2.426229 0.721311 0.000000 4.639344 
 Compar  3.934426 4.672131 4.639344 0.000000 


new_compatibilityTable_LtoL
          7Zip     Mfc1     Mfc2     Compar  
 7Zip    0.000000 0.162910 0.151639 0.245902 
 Mfc1    0.162910 0.000000 0.045082 0.292008 
 Mfc2    0.151639 0.045082 0.000000 0.289959 
 Compar  0.245902 0.292008 0.289959 0.000000 


