compatibilityTable_LtoL
          7Zip     Mfc1     Mfc2     Compar  
 7Zip    0.000000 2.962963 2.757202 4.144033 
 Mfc1    2.962963 0.000000 0.724280 4.637860 
 Mfc2    2.757202 0.724280 0.000000 4.572016 
 Compar  4.144033 4.637860 4.572016 0.000000 


new_compatibilityTable_LtoL
          7Zip     Mfc1     Mfc2     Compar  
 7Zip    0.000000 0.185185 0.172325 0.259002 
 Mfc1    0.185185 0.000000 0.045267 0.289866 
 Mfc2    0.172325 0.045267 0.000000 0.285751 
 Compar  0.259002 0.289866 0.285751 0.000000 


