compatibilityTable_LtoL
          7Zip     Mfc1     Mfc2     Compar  
 7Zip    0.000000 3.095238 2.916667 4.226191 
 Mfc1    3.095238 0.000000 0.726190 4.380952 
 Mfc2    2.916667 0.726190 0.000000 4.357143 
 Compar  4.226191 4.380952 4.357143 0.000000 


new_compatibilityTable_LtoL
          7Zip     Mfc1     Mfc2     Compar  
 7Zip    0.000000 0.193452 0.182292 0.264137 
 Mfc1    0.193452 0.000000 0.045387 0.273810 
 Mfc2    0.182292 0.045387 0.000000 0.272321 
 Compar  0.264137 0.273810 0.272321 0.000000 


