compatibilityTable_LtoL
          7Zip     Mfc1     Mfc2     Compar  
 7Zip    0.000000 2.824324 2.648649 4.027027 
 Mfc1    2.824324 0.000000 0.722973 4.614865 
 Mfc2    2.648649 0.722973 0.000000 4.547297 
 Compar  4.027027 4.614865 4.547297 0.000000 


new_compatibilityTable_LtoL
          7Zip     Mfc1     Mfc2     Compar  
 7Zip    0.000000 0.176520 0.165541 0.251689 
 Mfc1    0.176520 0.000000 0.045186 0.288429 
 Mfc2    0.165541 0.045186 0.000000 0.284206 
 Compar  0.251689 0.288429 0.284206 0.000000 


