compatibilityTable_LtoL
          7Zip     Mfc1     Mfc2     Compar  
 7Zip    0.000000 2.492754 2.318841 3.666667 
 Mfc1    2.492754 0.000000 0.434783 4.565217 
 Mfc2    2.318841 0.434783 0.000000 4.536232 
 Compar  3.666667 4.565217 4.536232 0.000000 


new_compatibilityTable_LtoL
          7Zip     Mfc1     Mfc2     Compar  
 7Zip    0.000000 0.155797 0.144928 0.229167 
 Mfc1    0.155797 0.000000 0.027174 0.285326 
 Mfc2    0.144928 0.027174 0.000000 0.283514 
 Compar  0.229167 0.285326 0.283514 0.000000 


