compatibilityTable_LtoL
          7Zip     Mfc1     Mfc2     Compar  
 7Zip    0.000000 1.777778 1.333333 4.555555 
 Mfc1    1.777778 0.000000 0.444444 4.222222 
 Mfc2    1.333333 0.444444 0.000000 4.111111 
 Compar  4.555555 4.222222 4.111111 0.000000 


new_compatibilityTable_LtoL
          7Zip     Mfc1     Mfc2     Compar  
 7Zip    0.000000 0.111111 0.083333 0.284722 
 Mfc1    0.111111 0.000000 0.027778 0.263889 
 Mfc2    0.083333 0.027778 0.000000 0.256944 
 Compar  0.284722 0.263889 0.256944 0.000000 


