compatibilityTable_LtoL
          7Zip     Mfc1     Mfc2     Compar  
 7Zip    0.000000 2.783217 2.601399 3.993007 
 Mfc1    2.783217 0.000000 0.671329 4.440559 
 Mfc2    2.601399 0.671329 0.000000 4.426573 
 Compar  3.993007 4.440559 4.426573 0.000000 


new_compatibilityTable_LtoL
          7Zip     Mfc1     Mfc2     Compar  
 7Zip    0.000000 0.173951 0.162587 0.249563 
 Mfc1    0.173951 0.000000 0.041958 0.277535 
 Mfc2    0.162587 0.041958 0.000000 0.276661 
 Compar  0.249563 0.277535 0.276661 0.000000 


