compatibilityTable_LtoL
          7Zip     Mfc1     Mfc2     Compar  
 7Zip    0.000000 3.056818 2.886364 4.125000 
 Mfc1    3.056818 0.000000 0.693182 4.318182 
 Mfc2    2.886364 0.693182 0.000000 4.295455 
 Compar  4.125000 4.318182 4.295455 0.000000 


new_compatibilityTable_LtoL
          7Zip     Mfc1     Mfc2     Compar  
 7Zip    0.000000 0.191051 0.180398 0.257812 
 Mfc1    0.191051 0.000000 0.043324 0.269886 
 Mfc2    0.180398 0.043324 0.000000 0.268466 
 Compar  0.257812 0.269886 0.268466 0.000000 


