compatibilityTable_LtoL
          7Zip     Mfc1     Mfc2     Compar  
 7Zip    0.000000 2.684932 2.520548 3.876712 
 Mfc1    2.684932 0.000000 0.547945 4.506849 
 Mfc2    2.520548 0.547945 0.000000 4.506849 
 Compar  3.876712 4.506849 4.506849 0.000000 


new_compatibilityTable_LtoL
          7Zip     Mfc1     Mfc2     Compar  
 7Zip    0.000000 0.167808 0.157534 0.242295 
 Mfc1    0.167808 0.000000 0.034247 0.281678 
 Mfc2    0.157534 0.034247 0.000000 0.281678 
 Compar  0.242295 0.281678 0.281678 0.000000 


