compatibilityTable_LtoL
          7Zip     Mfc1     Mfc2     Compar  
 7Zip    0.000000 2.734177 2.531646 4.037975 
 Mfc1    2.734177 0.000000 0.556962 4.569620 
 Mfc2    2.531646 0.556962 0.000000 4.569620 
 Compar  4.037975 4.569620 4.569620 0.000000 


new_compatibilityTable_LtoL
          7Zip     Mfc1     Mfc2     Compar  
 7Zip    0.000000 0.170886 0.158228 0.252373 
 Mfc1    0.170886 0.000000 0.034810 0.285601 
 Mfc2    0.158228 0.034810 0.000000 0.285601 
 Compar  0.252373 0.285601 0.285601 0.000000 


