compatibilityTable_LtoL
          7Zip     Mfc1     Mfc2     Compar  
 7Zip    0.000000 2.780488 2.585366 4.024390 
 Mfc1    2.780488 0.000000 0.536585 4.560976 
 Mfc2    2.585366 0.536585 0.000000 4.560976 
 Compar  4.024390 4.560976 4.560976 0.000000 


new_compatibilityTable_LtoL
          7Zip     Mfc1     Mfc2     Compar  
 7Zip    0.000000 0.173780 0.161585 0.251524 
 Mfc1    0.173780 0.000000 0.033537 0.285061 
 Mfc2    0.161585 0.033537 0.000000 0.285061 
 Compar  0.251524 0.285061 0.285061 0.000000 


