compatibilityTable_LtoL
          7Zip     Mfc1     Mfc2     Compar  
 7Zip    0.000000 2.702703 2.504504 4.063063 
 Mfc1    2.702703 0.000000 0.756757 4.729730 
 Mfc2    2.504504 0.756757 0.000000 4.693694 
 Compar  4.063063 4.729730 4.693694 0.000000 


new_compatibilityTable_LtoL
          7Zip     Mfc1     Mfc2     Compar  
 7Zip    0.000000 0.168919 0.156532 0.253941 
 Mfc1    0.168919 0.000000 0.047297 0.295608 
 Mfc2    0.156532 0.047297 0.000000 0.293356 
 Compar  0.253941 0.295608 0.293356 0.000000 


