compatibilityTable_LtoL
          7Zip     Mfc1     Mfc2     Compar  
 7Zip    0.000000 3.024876 2.845771 4.014925 
 Mfc1    3.024876 0.000000 0.676617 4.402985 
 Mfc2    2.845771 0.676617 0.000000 4.383085 
 Compar  4.014925 4.402985 4.383085 0.000000 


new_compatibilityTable_LtoL
          7Zip     Mfc1     Mfc2     Compar  
 7Zip    0.000000 0.189055 0.177861 0.250933 
 Mfc1    0.189055 0.000000 0.042289 0.275187 
 Mfc2    0.177861 0.042289 0.000000 0.273943 
 Compar  0.250933 0.275187 0.273943 0.000000 


