compatibilityTable_LtoL
          7Zip     Mfc1     Mfc2     Compar  
 7Zip    0.000000 3.097561 2.914634 4.280488 
 Mfc1    3.097561 0.000000 0.731707 4.365854 
 Mfc2    2.914634 0.731707 0.000000 4.341464 
 Compar  4.280488 4.365854 4.341464 0.000000 


new_compatibilityTable_LtoL
          7Zip     Mfc1     Mfc2     Compar  
 7Zip    0.000000 0.193598 0.182165 0.267531 
 Mfc1    0.193598 0.000000 0.045732 0.272866 
 Mfc2    0.182165 0.045732 0.000000 0.271341 
 Compar  0.267531 0.272866 0.271341 0.000000 


