compatibilityTable_LtoL
          7Zip     Mfc1     Mfc2     Compar  
 7Zip    0.000000 2.808081 2.565657 4.030303 
 Mfc1    2.808081 0.000000 0.747475 4.797980 
 Mfc2    2.565657 0.747475 0.000000 4.777778 
 Compar  4.030303 4.797980 4.777778 0.000000 


new_compatibilityTable_LtoL
          7Zip     Mfc1     Mfc2     Compar  
 7Zip    0.000000 0.175505 0.160354 0.251894 
 Mfc1    0.175505 0.000000 0.046717 0.299874 
 Mfc2    0.160354 0.046717 0.000000 0.298611 
 Compar  0.251894 0.299874 0.298611 0.000000 


