compatibilityTable_LtoL
          7Zip     Mfc1     Mfc2     Compar  
 7Zip    0.000000 3.025641 2.861538 4.046154 
 Mfc1    3.025641 0.000000 0.676923 4.415385 
 Mfc2    2.861538 0.676923 0.000000 4.384615 
 Compar  4.046154 4.415385 4.384615 0.000000 


new_compatibilityTable_LtoL
          7Zip     Mfc1     Mfc2     Compar  
 7Zip    0.000000 0.189103 0.178846 0.252885 
 Mfc1    0.189103 0.000000 0.042308 0.275962 
 Mfc2    0.178846 0.042308 0.000000 0.274038 
 Compar  0.252885 0.275962 0.274038 0.000000 


