compatibilityTable_LtoL
          7Zip     Mfc1     Mfc2     Compar  
 7Zip    0.000000 2.938389 2.767772 3.985782 
 Mfc1    2.938389 0.000000 0.663507 4.383886 
 Mfc2    2.767772 0.663507 0.000000 4.364929 
 Compar  3.985782 4.383886 4.364929 0.000000 


new_compatibilityTable_LtoL
          7Zip     Mfc1     Mfc2     Compar  
 7Zip    0.000000 0.183649 0.172986 0.249111 
 Mfc1    0.183649 0.000000 0.041469 0.273993 
 Mfc2    0.172986 0.041469 0.000000 0.272808 
 Compar  0.249111 0.273993 0.272808 0.000000 


