compatibilityTable_LtoL
          7Zip     Mfc1     Mfc2     Compar  
 7Zip    0.000000 3.124324 2.951351 4.048649 
 Mfc1    3.124324 0.000000 0.691892 4.372973 
 Mfc2    2.951351 0.691892 0.000000 4.340540 
 Compar  4.048649 4.372973 4.340540 0.000000 


new_compatibilityTable_LtoL
          7Zip     Mfc1     Mfc2     Compar  
 7Zip    0.000000 0.195270 0.184459 0.253041 
 Mfc1    0.195270 0.000000 0.043243 0.273311 
 Mfc2    0.184459 0.043243 0.000000 0.271284 
 Compar  0.253041 0.273311 0.271284 0.000000 


