compatibilityTable_LtoL
          7Zip     Mfc1     Mfc2     Compar  
 7Zip    0.000000 2.444444 1.555556 4.555555 
 Mfc1    2.444444 0.000000 0.888889 4.555555 
 Mfc2    1.555556 0.888889 0.000000 4.333333 
 Compar  4.555555 4.555555 4.333333 0.000000 


new_compatibilityTable_LtoL
          7Zip     Mfc1     Mfc2     Compar  
 7Zip    0.000000 0.152778 0.097222 0.284722 
 Mfc1    0.152778 0.000000 0.055556 0.284722 
 Mfc2    0.097222 0.055556 0.000000 0.270833 
 Compar  0.284722 0.284722 0.270833 0.000000 


