compatibilityTable_LtoL
          7Zip     Mfc1     Mfc2     Compar  
 7Zip    0.000000 2.916667 2.725000 4.058333 
 Mfc1    2.916667 0.000000 0.708333 4.533333 
 Mfc2    2.725000 0.708333 0.000000 4.483333 
 Compar  4.058333 4.533333 4.483333 0.000000 


new_compatibilityTable_LtoL
          7Zip     Mfc1     Mfc2     Compar  
 7Zip    0.000000 0.182292 0.170312 0.253646 
 Mfc1    0.182292 0.000000 0.044271 0.283333 
 Mfc2    0.170312 0.044271 0.000000 0.280208 
 Compar  0.253646 0.283333 0.280208 0.000000 


