compatibilityTable_LtoL
          7Zip     Mfc1     Mfc2     Compar  
 7Zip    0.000000 2.821053 2.610526 4.115789 
 Mfc1    2.821053 0.000000 0.652632 4.831579 
 Mfc2    2.610526 0.652632 0.000000 4.831579 
 Compar  4.115789 4.831579 4.831579 0.000000 


new_compatibilityTable_LtoL
          7Zip     Mfc1     Mfc2     Compar  
 7Zip    0.000000 0.176316 0.163158 0.257237 
 Mfc1    0.176316 0.000000 0.040789 0.301974 
 Mfc2    0.163158 0.040789 0.000000 0.301974 
 Compar  0.257237 0.301974 0.301974 0.000000 


