compatibilityTable_LtoL
          7Zip     Mfc1     Mfc2     Compar  
 7Zip    0.000000 3.090909 2.909091 4.272727 
 Mfc1    3.090909 0.000000 0.727273 4.369697 
 Mfc2    2.909091 0.727273 0.000000 4.345455 
 Compar  4.272727 4.369697 4.345455 0.000000 


new_compatibilityTable_LtoL
          7Zip     Mfc1     Mfc2     Compar  
 7Zip    0.000000 0.193182 0.181818 0.267045 
 Mfc1    0.193182 0.000000 0.045455 0.273106 
 Mfc2    0.181818 0.045455 0.000000 0.271591 
 Compar  0.267045 0.273106 0.271591 0.000000 


