compatibilityTable_LtoL
          7Zip     Mfc1     Mfc2     Compar  
 7Zip    0.000000 2.789474 2.605263 3.986842 
 Mfc1    2.789474 0.000000 0.684211 4.315790 
 Mfc2    2.605263 0.684211 0.000000 4.315790 
 Compar  3.986842 4.315790 4.315790 0.000000 


new_compatibilityTable_LtoL
          7Zip     Mfc1     Mfc2     Compar  
 7Zip    0.000000 0.174342 0.162829 0.249178 
 Mfc1    0.174342 0.000000 0.042763 0.269737 
 Mfc2    0.162829 0.042763 0.000000 0.269737 
 Compar  0.249178 0.269737 0.269737 0.000000 


