compatibilityTable_LtoL
          7Zip     Mfc1     Mfc2     Compar  
 7Zip    0.000000 2.678261 2.486957 4.060870 
 Mfc1    2.678261 0.000000 0.730435 4.756522 
 Mfc2    2.486957 0.730435 0.000000 4.721739 
 Compar  4.060870 4.756522 4.721739 0.000000 


new_compatibilityTable_LtoL
          7Zip     Mfc1     Mfc2     Compar  
 7Zip    0.000000 0.167391 0.155435 0.253804 
 Mfc1    0.167391 0.000000 0.045652 0.297283 
 Mfc2    0.155435 0.045652 0.000000 0.295109 
 Compar  0.253804 0.297283 0.295109 0.000000 


