compatibilityTable_LtoL
          7Zip     Mfc1     Mfc2     Compar  
 7Zip    0.000000 2.846416 2.668942 4.030717 
 Mfc1    2.846416 0.000000 0.716724 4.631399 
 Mfc2    2.668942 0.716724 0.000000 4.556314 
 Compar  4.030717 4.631399 4.556314 0.000000 


new_compatibilityTable_LtoL
          7Zip     Mfc1     Mfc2     Compar  
 7Zip    0.000000 0.177901 0.166809 0.251920 
 Mfc1    0.177901 0.000000 0.044795 0.289462 
 Mfc2    0.166809 0.044795 0.000000 0.284770 
 Compar  0.251920 0.289462 0.284770 0.000000 


