compatibilityTable_LtoL
          7Zip     Mfc1     Mfc2     Compar  
 7Zip    0.000000 2.796117 2.582524 4.048543 
 Mfc1    2.796117 0.000000 0.737864 4.766990 
 Mfc2    2.582524 0.737864 0.000000 4.728155 
 Compar  4.048543 4.766990 4.728155 0.000000 


new_compatibilityTable_LtoL
          7Zip     Mfc1     Mfc2     Compar  
 7Zip    0.000000 0.174757 0.161408 0.253034 
 Mfc1    0.174757 0.000000 0.046117 0.297937 
 Mfc2    0.161408 0.046117 0.000000 0.295510 
 Compar  0.253034 0.297937 0.295510 0.000000 


