compatibilityTable_LtoL
          7Zip     Mfc1     Mfc2     Compar  
 7Zip    0.000000 3.015075 2.844221 4.005025 
 Mfc1    3.015075 0.000000 0.673367 4.396985 
 Mfc2    2.844221 0.673367 0.000000 4.376884 
 Compar  4.005025 4.396985 4.376884 0.000000 


new_compatibilityTable_LtoL
          7Zip     Mfc1     Mfc2     Compar  
 7Zip    0.000000 0.188442 0.177764 0.250314 
 Mfc1    0.188442 0.000000 0.042085 0.274812 
 Mfc2    0.177764 0.042085 0.000000 0.273555 
 Compar  0.250314 0.274812 0.273555 0.000000 


