compatibilityTable_LtoL
          7Zip     Mfc1     Mfc2     Compar  
 7Zip    0.000000 2.824742 2.577320 4.092783 
 Mfc1    2.824742 0.000000 0.721649 4.835052 
 Mfc2    2.577320 0.721649 0.000000 4.814433 
 Compar  4.092783 4.835052 4.814433 0.000000 


new_compatibilityTable_LtoL
          7Zip     Mfc1     Mfc2     Compar  
 7Zip    0.000000 0.176546 0.161082 0.255799 
 Mfc1    0.176546 0.000000 0.045103 0.302191 
 Mfc2    0.161082 0.045103 0.000000 0.300902 
 Compar  0.255799 0.302191 0.300902 0.000000 


