compatibilityTable_LtoL
          7Zip     Mfc1     Mfc2     Compar  
 7Zip    0.000000 2.477612 2.298507 3.597015 
 Mfc1    2.477612 0.000000 0.447761 4.522388 
 Mfc2    2.298507 0.447761 0.000000 4.492537 
 Compar  3.597015 4.522388 4.492537 0.000000 


new_compatibilityTable_LtoL
          7Zip     Mfc1     Mfc2     Compar  
 7Zip    0.000000 0.154851 0.143657 0.224813 
 Mfc1    0.154851 0.000000 0.027985 0.282649 
 Mfc2    0.143657 0.027985 0.000000 0.280784 
 Compar  0.224813 0.282649 0.280784 0.000000 


