compatibilityTable_LtoL
          7Zip     Mfc1     Mfc2     Compar  
 7Zip    0.000000 2.775510 2.598639 3.993197 
 Mfc1    2.775510 0.000000 0.693878 4.414966 
 Mfc2    2.598639 0.693878 0.000000 4.401361 
 Compar  3.993197 4.414966 4.401361 0.000000 


new_compatibilityTable_LtoL
          7Zip     Mfc1     Mfc2     Compar  
 7Zip    0.000000 0.173469 0.162415 0.249575 
 Mfc1    0.173469 0.000000 0.043367 0.275935 
 Mfc2    0.162415 0.043367 0.000000 0.275085 
 Compar  0.249575 0.275935 0.275085 0.000000 


