compatibilityTable_LtoL
          7Zip     Mfc1     Mfc2     Compar  
 7Zip    0.000000 2.857143 1.714286 4.428571 
 Mfc1    2.857143 0.000000 1.142857 4.428571 
 Mfc2    1.714286 1.142857 0.000000 4.142857 
 Compar  4.428571 4.428571 4.142857 0.000000 


new_compatibilityTable_LtoL
          7Zip     Mfc1     Mfc2     Compar  
 7Zip    0.000000 0.178571 0.107143 0.276786 
 Mfc1    0.178571 0.000000 0.071429 0.276786 
 Mfc2    0.107143 0.071429 0.000000 0.258929 
 Compar  0.276786 0.276786 0.258929 0.000000 


