compatibilityTable_LtoL
          7Zip     Mfc1     Mfc2     Compar  
 7Zip    0.000000 2.500000 2.333333 3.694444 
 Mfc1    2.500000 0.000000 0.472222 4.444445 
 Mfc2    2.333333 0.472222 0.000000 4.416667 
 Compar  3.694444 4.444445 4.416667 0.000000 


new_compatibilityTable_LtoL
          7Zip     Mfc1     Mfc2     Compar  
 7Zip    0.000000 0.156250 0.145833 0.230903 
 Mfc1    0.156250 0.000000 0.029514 0.277778 
 Mfc2    0.145833 0.029514 0.000000 0.276042 
 Compar  0.230903 0.277778 0.276042 0.000000 


