compatibilityTable_LtoL
          7Zip     Mfc1     Mfc2     Compar  
 7Zip    0.000000 2.616667 2.450000 3.966667 
 Mfc1    2.616667 0.000000 0.716667 4.683333 
 Mfc2    2.450000 0.716667 0.000000 4.666667 
 Compar  3.966667 4.683333 4.666667 0.000000 


new_compatibilityTable_LtoL
          7Zip     Mfc1     Mfc2     Compar  
 7Zip    0.000000 0.163542 0.153125 0.247917 
 Mfc1    0.163542 0.000000 0.044792 0.292708 
 Mfc2    0.153125 0.044792 0.000000 0.291667 
 Compar  0.247917 0.292708 0.291667 0.000000 


