compatibilityTable_LtoL
          7Zip     Mfc1     Mfc2     Compar  
 7Zip    0.000000 2.626866 2.447761 3.835821 
 Mfc1    2.626866 0.000000 0.686567 4.582089 
 Mfc2    2.447761 0.686567 0.000000 4.567164 
 Compar  3.835821 4.582089 4.567164 0.000000 


new_compatibilityTable_LtoL
          7Zip     Mfc1     Mfc2     Compar  
 7Zip    0.000000 0.164179 0.152985 0.239739 
 Mfc1    0.164179 0.000000 0.042910 0.286381 
 Mfc2    0.152985 0.042910 0.000000 0.285448 
 Compar  0.239739 0.286381 0.285448 0.000000 


