compatibilityTable_LtoL
          7Zip     Mfc1     Mfc2     Compar  
 7Zip    0.000000 2.924731 2.745520 4.103943 
 Mfc1    2.924731 0.000000 0.745520 4.727599 
 Mfc2    2.745520 0.745520 0.000000 4.641577 
 Compar  4.103943 4.727599 4.641577 0.000000 


new_compatibilityTable_LtoL
          7Zip     Mfc1     Mfc2     Compar  
 7Zip    0.000000 0.182796 0.171595 0.256496 
 Mfc1    0.182796 0.000000 0.046595 0.295475 
 Mfc2    0.171595 0.046595 0.000000 0.290099 
 Compar  0.256496 0.295475 0.290099 0.000000 


