compatibilityTable_LtoL
          7Zip     Mfc1     Mfc2     Compar  
 7Zip    0.000000 2.909871 2.712446 4.030043 
 Mfc1    2.909871 0.000000 0.721030 4.493562 
 Mfc2    2.712446 0.721030 0.000000 4.442060 
 Compar  4.030043 4.493562 4.442060 0.000000 


new_compatibilityTable_LtoL
          7Zip     Mfc1     Mfc2     Compar  
 7Zip    0.000000 0.181867 0.169528 0.251878 
 Mfc1    0.181867 0.000000 0.045064 0.280848 
 Mfc2    0.169528 0.045064 0.000000 0.277629 
 Compar  0.251878 0.280848 0.277629 0.000000 


