compatibilityTable_LtoL
          7Zip     Mfc1     Mfc2     Compar  
 7Zip    0.000000 2.851064 2.638298 4.127660 
 Mfc1    2.851064 0.000000 0.659574 4.851064 
 Mfc2    2.638298 0.659574 0.000000 4.851064 
 Compar  4.127660 4.851064 4.851064 0.000000 


new_compatibilityTable_LtoL
          7Zip     Mfc1     Mfc2     Compar  
 7Zip    0.000000 0.178191 0.164894 0.257979 
 Mfc1    0.178191 0.000000 0.041223 0.303191 
 Mfc2    0.164894 0.041223 0.000000 0.303191 
 Compar  0.257979 0.303191 0.303191 0.000000 


