compatibilityTable_LtoL
          7Zip     Mfc1     Mfc2     Compar  
 7Zip    0.000000 2.603175 2.444444 3.603175 
 Mfc1    2.603175 0.000000 0.444444 4.555555 
 Mfc2    2.444444 0.444444 0.000000 4.555555 
 Compar  3.603175 4.555555 4.555555 0.000000 


new_compatibilityTable_LtoL
          7Zip     Mfc1     Mfc2     Compar  
 7Zip    0.000000 0.162698 0.152778 0.225198 
 Mfc1    0.162698 0.000000 0.027778 0.284722 
 Mfc2    0.152778 0.027778 0.000000 0.284722 
 Compar  0.225198 0.284722 0.284722 0.000000 


