compatibilityTable_LtoL
          7Zip     Mfc1     Mfc2     Compar  
 7Zip    0.000000 2.994924 2.832487 4.015228 
 Mfc1    2.994924 0.000000 0.670051 4.380711 
 Mfc2    2.832487 0.670051 0.000000 4.350254 
 Compar  4.015228 4.380711 4.350254 0.000000 


new_compatibilityTable_LtoL
          7Zip     Mfc1     Mfc2     Compar  
 7Zip    0.000000 0.187183 0.177030 0.250952 
 Mfc1    0.187183 0.000000 0.041878 0.273794 
 Mfc2    0.177030 0.041878 0.000000 0.271891 
 Compar  0.250952 0.273794 0.271891 0.000000 


