compatibilityTable_LtoL
          7Zip     Mfc1     Mfc2     Compar  
 7Zip    0.000000 3.096045 2.903955 4.107345 
 Mfc1    3.096045 0.000000 0.711864 4.355932 
 Mfc2    2.903955 0.711864 0.000000 4.310734 
 Compar  4.107345 4.355932 4.310734 0.000000 


new_compatibilityTable_LtoL
          7Zip     Mfc1     Mfc2     Compar  
 7Zip    0.000000 0.193503 0.181497 0.256709 
 Mfc1    0.193503 0.000000 0.044492 0.272246 
 Mfc2    0.181497 0.044492 0.000000 0.269421 
 Compar  0.256709 0.272246 0.269421 0.000000 


