compatibilityTable_LtoL
          7Zip     Mfc1     Mfc2     Compar  
 7Zip    0.000000 2.805195 2.610390 3.974026 
 Mfc1    2.805195 0.000000 0.688312 4.298701 
 Mfc2    2.610390 0.688312 0.000000 4.285714 
 Compar  3.974026 4.298701 4.285714 0.000000 


new_compatibilityTable_LtoL
          7Zip     Mfc1     Mfc2     Compar  
 7Zip    0.000000 0.175325 0.163149 0.248377 
 Mfc1    0.175325 0.000000 0.043019 0.268669 
 Mfc2    0.163149 0.043019 0.000000 0.267857 
 Compar  0.248377 0.268669 0.267857 0.000000 


