compatibilityTable_LtoL
          7Zip     Mfc1     Mfc2     Compar  
 7Zip    0.000000 2.740741 2.555556 3.981482 
 Mfc1    2.740741 0.000000 0.722222 4.648148 
 Mfc2    2.555556 0.722222 0.000000 4.629630 
 Compar  3.981482 4.648148 4.629630 0.000000 


new_compatibilityTable_LtoL
          7Zip     Mfc1     Mfc2     Compar  
 7Zip    0.000000 0.171296 0.159722 0.248843 
 Mfc1    0.171296 0.000000 0.045139 0.290509 
 Mfc2    0.159722 0.045139 0.000000 0.289352 
 Compar  0.248843 0.290509 0.289352 0.000000 


