compatibilityTable_LtoL
          7Zip     Mfc1     Mfc2     Compar  
 7Zip    0.000000 3.011494 2.839081 4.114943 
 Mfc1    3.011494 0.000000 0.701149 4.287356 
 Mfc2    2.839081 0.701149 0.000000 4.264368 
 Compar  4.114943 4.287356 4.264368 0.000000 


new_compatibilityTable_LtoL
          7Zip     Mfc1     Mfc2     Compar  
 7Zip    0.000000 0.188218 0.177443 0.257184 
 Mfc1    0.188218 0.000000 0.043822 0.267960 
 Mfc2    0.177443 0.043822 0.000000 0.266523 
 Compar  0.257184 0.267960 0.266523 0.000000 


