compatibilityTable_LtoL
          7Zip     Mfc1     Mfc2     Compar  
 7Zip    0.000000 2.738095 2.547619 3.952381 
 Mfc1    2.738095 0.000000 0.571429 4.500000 
 Mfc2    2.547619 0.571429 0.000000 4.500000 
 Compar  3.952381 4.500000 4.500000 0.000000 


new_compatibilityTable_LtoL
          7Zip     Mfc1     Mfc2     Compar  
 7Zip    0.000000 0.171131 0.159226 0.247024 
 Mfc1    0.171131 0.000000 0.035714 0.281250 
 Mfc2    0.159226 0.035714 0.000000 0.281250 
 Compar  0.247024 0.281250 0.281250 0.000000 


