compatibilityTable_LtoL
          7Zip     Mfc1     Mfc2     Compar  
 7Zip    0.000000 2.894366 2.718310 4.091549 
 Mfc1    2.894366 0.000000 0.732394 4.718310 
 Mfc2    2.718310 0.732394 0.000000 4.633803 
 Compar  4.091549 4.718310 4.633803 0.000000 


new_compatibilityTable_LtoL
          7Zip     Mfc1     Mfc2     Compar  
 7Zip    0.000000 0.180898 0.169894 0.255722 
 Mfc1    0.180898 0.000000 0.045775 0.294894 
 Mfc2    0.169894 0.045775 0.000000 0.289613 
 Compar  0.255722 0.294894 0.289613 0.000000 


