compatibilityTable_LtoL
          7Zip     Mfc1     Mfc2     Compar  
 7Zip    0.000000 2.095238 1.619048 4.619048 
 Mfc1    2.095238 0.000000 0.476190 4.428571 
 Mfc2    1.619048 0.476190 0.000000 4.333333 
 Compar  4.619048 4.428571 4.333333 0.000000 


new_compatibilityTable_LtoL
          7Zip     Mfc1     Mfc2     Compar  
 7Zip    0.000000 0.130952 0.101190 0.288690 
 Mfc1    0.130952 0.000000 0.029762 0.276786 
 Mfc2    0.101190 0.029762 0.000000 0.270833 
 Compar  0.288690 0.276786 0.270833 0.000000 


