compatibilityTable_LtoL
          7Zip     Mfc1     Mfc2     Compar  
 7Zip    0.000000 1.806452 1.548387 3.774194 
 Mfc1    1.806452 0.000000 0.387097 3.967742 
 Mfc2    1.548387 0.387097 0.000000 3.967742 
 Compar  3.774194 3.967742 3.967742 0.000000 


new_compatibilityTable_LtoL
          7Zip     Mfc1     Mfc2     Compar  
 7Zip    0.000000 0.112903 0.096774 0.235887 
 Mfc1    0.112903 0.000000 0.024194 0.247984 
 Mfc2    0.096774 0.024194 0.000000 0.247984 
 Compar  0.235887 0.247984 0.247984 0.000000 


