compatibilityTable_LtoL
          7Zip     Mfc1     Mfc2     Compar  
 7Zip    0.000000 2.296296 2.074074 3.444444 
 Mfc1    2.296296 0.000000 0.333333 4.370370 
 Mfc2    2.074074 0.333333 0.000000 4.333333 
 Compar  3.444444 4.370370 4.333333 0.000000 


new_compatibilityTable_LtoL
          7Zip     Mfc1     Mfc2     Compar  
 7Zip    0.000000 0.143519 0.129630 0.215278 
 Mfc1    0.143519 0.000000 0.020833 0.273148 
 Mfc2    0.129630 0.020833 0.000000 0.270833 
 Compar  0.215278 0.273148 0.270833 0.000000 


