compatibilityTable_LtoL
          7Zip     Mfc1     Mfc2     Compar  
 7Zip    0.000000 2.942857 2.771429 3.980952 
 Mfc1    2.942857 0.000000 0.666667 4.371428 
 Mfc2    2.771429 0.666667 0.000000 4.352381 
 Compar  3.980952 4.371428 4.352381 0.000000 


new_compatibilityTable_LtoL
          7Zip     Mfc1     Mfc2     Compar  
 7Zip    0.000000 0.183929 0.173214 0.248810 
 Mfc1    0.183929 0.000000 0.041667 0.273214 
 Mfc2    0.173214 0.041667 0.000000 0.272024 
 Compar  0.248810 0.273214 0.272024 0.000000 


