compatibilityTable_LtoL
          7Zip     Mfc1     Mfc2     Compar  
 7Zip    0.000000 2.485714 2.314286 3.657143 
 Mfc1    2.485714 0.000000 0.428571 4.514286 
 Mfc2    2.314286 0.428571 0.000000 4.485714 
 Compar  3.657143 4.514286 4.485714 0.000000 


new_compatibilityTable_LtoL
          7Zip     Mfc1     Mfc2     Compar  
 7Zip    0.000000 0.155357 0.144643 0.228571 
 Mfc1    0.155357 0.000000 0.026786 0.282143 
 Mfc2    0.144643 0.026786 0.000000 0.280357 
 Compar  0.228571 0.282143 0.280357 0.000000 


