compatibilityTable_LtoL
          7Zip     Mfc1     Mfc2     Compar  
 7Zip    0.000000 3.057592 2.890052 4.068063 
 Mfc1    3.057592 0.000000 0.691099 4.413612 
 Mfc2    2.890052 0.691099 0.000000 4.382199 
 Compar  4.068063 4.413612 4.382199 0.000000 


new_compatibilityTable_LtoL
          7Zip     Mfc1     Mfc2     Compar  
 7Zip    0.000000 0.191099 0.180628 0.254254 
 Mfc1    0.191099 0.000000 0.043194 0.275851 
 Mfc2    0.180628 0.043194 0.000000 0.273887 
 Compar  0.254254 0.275851 0.273887 0.000000 


