compatibilityTable_LtoL
          7Zip     Mfc1     Mfc2     Compar  
 7Zip    0.000000 2.440678 2.271186 3.677966 
 Mfc1    2.440678 0.000000 0.372881 4.559322 
 Mfc2    2.271186 0.372881 0.000000 4.525424 
 Compar  3.677966 4.559322 4.525424 0.000000 


new_compatibilityTable_LtoL
          7Zip     Mfc1     Mfc2     Compar  
 7Zip    0.000000 0.152542 0.141949 0.229873 
 Mfc1    0.152542 0.000000 0.023305 0.284958 
 Mfc2    0.141949 0.023305 0.000000 0.282839 
 Compar  0.229873 0.284958 0.282839 0.000000 


