compatibilityTable_LtoL
          7Zip     Mfc1     Mfc2     Compar  
 7Zip    0.000000 2.816327 2.571429 4.061224 
 Mfc1    2.816327 0.000000 0.734694 4.816327 
 Mfc2    2.571429 0.734694 0.000000 4.795918 
 Compar  4.061224 4.816327 4.795918 0.000000 


new_compatibilityTable_LtoL
          7Zip     Mfc1     Mfc2     Compar  
 7Zip    0.000000 0.176020 0.160714 0.253827 
 Mfc1    0.176020 0.000000 0.045918 0.301020 
 Mfc2    0.160714 0.045918 0.000000 0.299745 
 Compar  0.253827 0.301020 0.299745 0.000000 


