compatibilityTable_LtoL
          7Zip     Mfc1     Mfc2     Compar  
 7Zip    0.000000 2.058824 1.764706 3.882353 
 Mfc1    2.058824 0.000000 0.411765 4.176471 
 Mfc2    1.764706 0.411765 0.000000 4.176471 
 Compar  3.882353 4.176471 4.176471 0.000000 


new_compatibilityTable_LtoL
          7Zip     Mfc1     Mfc2     Compar  
 7Zip    0.000000 0.128676 0.110294 0.242647 
 Mfc1    0.128676 0.000000 0.025735 0.261029 
 Mfc2    0.110294 0.025735 0.000000 0.261029 
 Compar  0.242647 0.261029 0.261029 0.000000 


