compatibilityTable_LtoL
          7Zip     Mfc1     Mfc2     Compar  
 7Zip    0.000000 2.952727 2.763636 4.112727 
 Mfc1    2.952727 0.000000 0.749091 4.730909 
 Mfc2    2.763636 0.749091 0.000000 4.643636 
 Compar  4.112727 4.730909 4.643636 0.000000 


new_compatibilityTable_LtoL
          7Zip     Mfc1     Mfc2     Compar  
 7Zip    0.000000 0.184545 0.172727 0.257045 
 Mfc1    0.184545 0.000000 0.046818 0.295682 
 Mfc2    0.172727 0.046818 0.000000 0.290227 
 Compar  0.257045 0.295682 0.290227 0.000000 


