compatibilityTable_LtoL
          7Zip     Mfc1     Mfc2     Compar  
 7Zip    0.000000 3.030928 2.865979 4.061856 
 Mfc1    3.030928 0.000000 0.680412 4.422680 
 Mfc2    2.865979 0.680412 0.000000 4.391753 
 Compar  4.061856 4.422680 4.391753 0.000000 


new_compatibilityTable_LtoL
          7Zip     Mfc1     Mfc2     Compar  
 7Zip    0.000000 0.189433 0.179124 0.253866 
 Mfc1    0.189433 0.000000 0.042526 0.276418 
 Mfc2    0.179124 0.042526 0.000000 0.274485 
 Compar  0.253866 0.276418 0.274485 0.000000 


