compatibilityTable_LtoL
          7Zip     Mfc1     Mfc2     Compar  
 7Zip    0.000000 2.833898 2.650847 4.023729 
 Mfc1    2.833898 0.000000 0.718644 4.613559 
 Mfc2    2.650847 0.718644 0.000000 4.545763 
 Compar  4.023729 4.613559 4.545763 0.000000 


new_compatibilityTable_LtoL
          7Zip     Mfc1     Mfc2     Compar  
 7Zip    0.000000 0.177119 0.165678 0.251483 
 Mfc1    0.177119 0.000000 0.044915 0.288347 
 Mfc2    0.165678 0.044915 0.000000 0.284110 
 Compar  0.251483 0.288347 0.284110 0.000000 


