compatibilityTable_LtoL
          7Zip     Mfc1     Mfc2     Compar  
 7Zip    0.000000 2.320000 2.080000 3.600000 
 Mfc1    2.320000 0.000000 0.360000 4.480000 
 Mfc2    2.080000 0.360000 0.000000 4.440000 
 Compar  3.600000 4.480000 4.440000 0.000000 


new_compatibilityTable_LtoL
          7Zip     Mfc1     Mfc2     Compar  
 7Zip    0.000000 0.145000 0.130000 0.225000 
 Mfc1    0.145000 0.000000 0.022500 0.280000 
 Mfc2    0.130000 0.022500 0.000000 0.277500 
 Compar  0.225000 0.280000 0.277500 0.000000 


