compatibilityTable_LtoL
          7Zip     Mfc1     Mfc2     Compar  
 7Zip    0.000000 2.980080 2.804781 4.235060 
 Mfc1    2.980080 0.000000 0.741036 4.752988 
 Mfc2    2.804781 0.741036 0.000000 4.673307 
 Compar  4.235060 4.752988 4.673307 0.000000 


new_compatibilityTable_LtoL
          7Zip     Mfc1     Mfc2     Compar  
 7Zip    0.000000 0.186255 0.175299 0.264691 
 Mfc1    0.186255 0.000000 0.046315 0.297062 
 Mfc2    0.175299 0.046315 0.000000 0.292082 
 Compar  0.264691 0.297062 0.292082 0.000000 


