compatibilityTable_LtoL
          7Zip     Mfc1     Mfc2     Compar  
 7Zip    0.000000 2.985294 2.794118 4.147059 
 Mfc1    2.985294 0.000000 0.757353 4.772059 
 Mfc2    2.794118 0.757353 0.000000 4.683824 
 Compar  4.147059 4.772059 4.683824 0.000000 


new_compatibilityTable_LtoL
          7Zip     Mfc1     Mfc2     Compar  
 7Zip    0.000000 0.186581 0.174632 0.259191 
 Mfc1    0.186581 0.000000 0.047335 0.298254 
 Mfc2    0.174632 0.047335 0.000000 0.292739 
 Compar  0.259191 0.298254 0.292739 0.000000 


