compatibilityTable_LtoL
          7Zip     Mfc1     Mfc2     Compar  
 7Zip    0.000000 2.971154 2.798077 3.990385 
 Mfc1    2.971154 0.000000 0.673077 4.384615 
 Mfc2    2.798077 0.673077 0.000000 4.365385 
 Compar  3.990385 4.384615 4.365385 0.000000 


new_compatibilityTable_LtoL
          7Zip     Mfc1     Mfc2     Compar  
 7Zip    0.000000 0.185697 0.174880 0.249399 
 Mfc1    0.185697 0.000000 0.042067 0.274038 
 Mfc2    0.174880 0.042067 0.000000 0.272837 
 Compar  0.249399 0.274038 0.272837 0.000000 


