compatibilityTable_LtoL
          7Zip     Mfc1     Mfc2     Compar  
 7Zip    0.000000 2.956938 2.784689 3.985646 
 Mfc1    2.956938 0.000000 0.669856 4.377990 
 Mfc2    2.784689 0.669856 0.000000 4.358852 
 Compar  3.985646 4.377990 4.358852 0.000000 


new_compatibilityTable_LtoL
          7Zip     Mfc1     Mfc2     Compar  
 7Zip    0.000000 0.184809 0.174043 0.249103 
 Mfc1    0.184809 0.000000 0.041866 0.273624 
 Mfc2    0.174043 0.041866 0.000000 0.272428 
 Compar  0.249103 0.273624 0.272428 0.000000 


