compatibilityTable_LtoL
          7Zip     Mfc1     Mfc2     Compar  
 7Zip    0.000000 2.878893 2.698962 4.072664 
 Mfc1    2.878893 0.000000 0.726644 4.674740 
 Mfc2    2.698962 0.726644 0.000000 4.598616 
 Compar  4.072664 4.674740 4.598616 0.000000 


new_compatibilityTable_LtoL
          7Zip     Mfc1     Mfc2     Compar  
 7Zip    0.000000 0.179931 0.168685 0.254542 
 Mfc1    0.179931 0.000000 0.045415 0.292171 
 Mfc2    0.168685 0.045415 0.000000 0.287414 
 Compar  0.254542 0.292171 0.287414 0.000000 


