compatibilityTable_LtoL
          7Zip     Mfc1     Mfc2     Compar  
 7Zip    0.000000 3.125683 2.950820 4.081967 
 Mfc1    3.125683 0.000000 0.699454 4.377049 
 Mfc2    2.950820 0.699454 0.000000 4.344262 
 Compar  4.081967 4.377049 4.344262 0.000000 


new_compatibilityTable_LtoL
          7Zip     Mfc1     Mfc2     Compar  
 7Zip    0.000000 0.195355 0.184426 0.255123 
 Mfc1    0.195355 0.000000 0.043716 0.273566 
 Mfc2    0.184426 0.043716 0.000000 0.271516 
 Compar  0.255123 0.273566 0.271516 0.000000 


