compatibilityTable_LtoL
          7Zip     Mfc1     Mfc2     Compar  
 7Zip    0.000000 2.500000 2.333333 3.742424 
 Mfc1    2.500000 0.000000 0.666667 4.484848 
 Mfc2    2.333333 0.666667 0.000000 4.454545 
 Compar  3.742424 4.484848 4.454545 0.000000 


new_compatibilityTable_LtoL
          7Zip     Mfc1     Mfc2     Compar  
 7Zip    0.000000 0.156250 0.145833 0.233902 
 Mfc1    0.156250 0.000000 0.041667 0.280303 
 Mfc2    0.145833 0.041667 0.000000 0.278409 
 Compar  0.233902 0.280303 0.278409 0.000000 


