compatibilityTable_LtoL
          7Zip     Mfc1     Mfc2     Compar  
 7Zip    0.000000 2.858448 2.684932 3.995434 
 Mfc1    2.858448 0.000000 0.648402 4.378995 
 Mfc2    2.684932 0.648402 0.000000 4.360731 
 Compar  3.995434 4.378995 4.360731 0.000000 


new_compatibilityTable_LtoL
          7Zip     Mfc1     Mfc2     Compar  
 7Zip    0.000000 0.178653 0.167808 0.249715 
 Mfc1    0.178653 0.000000 0.040525 0.273687 
 Mfc2    0.167808 0.040525 0.000000 0.272546 
 Compar  0.249715 0.273687 0.272546 0.000000 


