compatibilityTable_LtoL
          7Zip     Mfc1     Mfc2     Compar  
 7Zip    0.000000 2.875000 2.701389 4.076389 
 Mfc1    2.875000 0.000000 0.722222 4.680555 
 Mfc2    2.701389 0.722222 0.000000 4.597222 
 Compar  4.076389 4.680555 4.597222 0.000000 


new_compatibilityTable_LtoL
          7Zip     Mfc1     Mfc2     Compar  
 7Zip    0.000000 0.179688 0.168837 0.254774 
 Mfc1    0.179688 0.000000 0.045139 0.292535 
 Mfc2    0.168837 0.045139 0.000000 0.287326 
 Compar  0.254774 0.292535 0.287326 0.000000 


