compatibilityTable_LtoL
          7Zip     Mfc1     Mfc2     Compar  
 7Zip    0.000000 2.831683 2.594059 4.049505 
 Mfc1    2.831683 0.000000 0.732673 4.782178 
 Mfc2    2.594059 0.732673 0.000000 4.762376 
 Compar  4.049505 4.782178 4.762376 0.000000 


new_compatibilityTable_LtoL
          7Zip     Mfc1     Mfc2     Compar  
 7Zip    0.000000 0.176980 0.162129 0.253094 
 Mfc1    0.176980 0.000000 0.045792 0.298886 
 Mfc2    0.162129 0.045792 0.000000 0.297649 
 Compar  0.253094 0.298886 0.297649 0.000000 


