compatibilityTable_LtoL
          7Zip     Mfc1     Mfc2     Compar  
 7Zip    0.000000 2.854625 2.669604 4.004405 
 Mfc1    2.854625 0.000000 0.704846 4.436123 
 Mfc2    2.669604 0.704846 0.000000 4.392070 
 Compar  4.004405 4.436123 4.392070 0.000000 


new_compatibilityTable_LtoL
          7Zip     Mfc1     Mfc2     Compar  
 7Zip    0.000000 0.178414 0.166850 0.250275 
 Mfc1    0.178414 0.000000 0.044053 0.277258 
 Mfc2    0.166850 0.044053 0.000000 0.274504 
 Compar  0.250275 0.277258 0.274504 0.000000 


