compatibilityTable_LtoL
          7Zip     Mfc1     Mfc2     Compar  
 7Zip    0.000000 2.809365 2.635452 4.030100 
 Mfc1    2.809365 0.000000 0.715719 4.618729 
 Mfc2    2.635452 0.715719 0.000000 4.551839 
 Compar  4.030100 4.618729 4.551839 0.000000 


new_compatibilityTable_LtoL
          7Zip     Mfc1     Mfc2     Compar  
 7Zip    0.000000 0.175585 0.164716 0.251881 
 Mfc1    0.175585 0.000000 0.044732 0.288671 
 Mfc2    0.164716 0.044732 0.000000 0.284490 
 Compar  0.251881 0.288671 0.284490 0.000000 


