compatibilityTable_LtoL
          7Zip     Mfc1     Mfc2     Compar  
 7Zip    0.000000 2.860215 2.645161 4.118279 
 Mfc1    2.860215 0.000000 0.666667 4.849463 
 Mfc2    2.645161 0.666667 0.000000 4.849463 
 Compar  4.118279 4.849463 4.849463 0.000000 


new_compatibilityTable_LtoL
          7Zip     Mfc1     Mfc2     Compar  
 7Zip    0.000000 0.178763 0.165323 0.257392 
 Mfc1    0.178763 0.000000 0.041667 0.303091 
 Mfc2    0.165323 0.041667 0.000000 0.303091 
 Compar  0.257392 0.303091 0.303091 0.000000 


