compatibilityTable_LtoL
          7Zip     Mfc1     Mfc2     Compar  
 7Zip    0.000000 2.210526 1.894737 3.894737 
 Mfc1    2.210526 0.000000 0.473684 4.421052 
 Mfc2    1.894737 0.473684 0.000000 4.368421 
 Compar  3.894737 4.421052 4.368421 0.000000 


new_compatibilityTable_LtoL
          7Zip     Mfc1     Mfc2     Compar  
 7Zip    0.000000 0.138158 0.118421 0.243421 
 Mfc1    0.138158 0.000000 0.029605 0.276316 
 Mfc2    0.118421 0.029605 0.000000 0.273026 
 Compar  0.243421 0.276316 0.273026 0.000000 


