compatibilityTable_LtoL
          7Zip     Mfc1     Mfc2     Compar  
 7Zip    0.000000 2.911392 2.717299 4.046413 
 Mfc1    2.911392 0.000000 0.717300 4.502110 
 Mfc2    2.717299 0.717300 0.000000 4.451477 
 Compar  4.046413 4.502110 4.451477 0.000000 


new_compatibilityTable_LtoL
          7Zip     Mfc1     Mfc2     Compar  
 7Zip    0.000000 0.181962 0.169831 0.252901 
 Mfc1    0.181962 0.000000 0.044831 0.281382 
 Mfc2    0.169831 0.044831 0.000000 0.278217 
 Compar  0.252901 0.281382 0.278217 0.000000 


