compatibilityTable_LtoL
          7Zip     Mfc1     Mfc2     Compar  
 7Zip    0.000000 2.987500 2.800000 4.187500 
 Mfc1    2.987500 0.000000 0.737500 4.400000 
 Mfc2    2.800000 0.737500 0.000000 4.362500 
 Compar  4.187500 4.400000 4.362500 0.000000 


new_compatibilityTable_LtoL
          7Zip     Mfc1     Mfc2     Compar  
 7Zip    0.000000 0.186719 0.175000 0.261719 
 Mfc1    0.186719 0.000000 0.046094 0.275000 
 Mfc2    0.175000 0.046094 0.000000 0.272656 
 Compar  0.261719 0.275000 0.272656 0.000000 


