compatibilityTable_LtoL
          7Zip     Mfc1     Mfc2     Compar  
 7Zip    0.000000 2.743590 2.538461 4.025641 
 Mfc1    2.743590 0.000000 0.564103 4.538462 
 Mfc2    2.538461 0.564103 0.000000 4.538462 
 Compar  4.025641 4.538462 4.538462 0.000000 


new_compatibilityTable_LtoL
          7Zip     Mfc1     Mfc2     Compar  
 7Zip    0.000000 0.171474 0.158654 0.251603 
 Mfc1    0.171474 0.000000 0.035256 0.283654 
 Mfc2    0.158654 0.035256 0.000000 0.283654 
 Compar  0.251603 0.283654 0.283654 0.000000 


