compatibilityTable_LtoL
          7Zip     Mfc1     Mfc2     Compar  
 7Zip    0.000000 3.011494 2.812261 4.210728 
 Mfc1    3.011494 0.000000 0.743295 4.785440 
 Mfc2    2.812261 0.743295 0.000000 4.685824 
 Compar  4.210728 4.785440 4.685824 0.000000 


new_compatibilityTable_LtoL
          7Zip     Mfc1     Mfc2     Compar  
 7Zip    0.000000 0.188218 0.175766 0.263171 
 Mfc1    0.188218 0.000000 0.046456 0.299090 
 Mfc2    0.175766 0.046456 0.000000 0.292864 
 Compar  0.263171 0.299090 0.292864 0.000000 


