compatibilityTable_LtoL
          7Zip     Mfc1     Mfc2     Compar  
 7Zip    0.000000 1.833333 1.166667 4.666667 
 Mfc1    1.833333 0.000000 0.666667 4.666667 
 Mfc2    1.166667 0.666667 0.000000 4.500000 
 Compar  4.666667 4.666667 4.500000 0.000000 


new_compatibilityTable_LtoL
          7Zip     Mfc1     Mfc2     Compar  
 7Zip    0.000000 0.114583 0.072917 0.291667 
 Mfc1    0.114583 0.000000 0.041667 0.291667 
 Mfc2    0.072917 0.041667 0.000000 0.281250 
 Compar  0.291667 0.291667 0.281250 0.000000 


