compatibilityTable_LtoL
          7Zip     Mfc1     Mfc2     Compar  
 7Zip    0.000000 1.939394 1.636364 3.848485 
 Mfc1    1.939394 0.000000 0.424242 4.090909 
 Mfc2    1.636364 0.424242 0.000000 4.090909 
 Compar  3.848485 4.090909 4.090909 0.000000 


new_compatibilityTable_LtoL
          7Zip     Mfc1     Mfc2     Compar  
 7Zip    0.000000 0.121212 0.102273 0.240530 
 Mfc1    0.121212 0.000000 0.026515 0.255682 
 Mfc2    0.102273 0.026515 0.000000 0.255682 
 Compar  0.240530 0.255682 0.255682 0.000000 


