compatibilityTable_LtoL
          7Zip     Mfc1     Mfc2     Compar  
 7Zip    0.000000 2.216216 1.891892 3.864865 
 Mfc1    2.216216 0.000000 0.486486 4.351351 
 Mfc2    1.891892 0.486486 0.000000 4.297297 
 Compar  3.864865 4.351351 4.297297 0.000000 


new_compatibilityTable_LtoL
          7Zip     Mfc1     Mfc2     Compar  
 7Zip    0.000000 0.138514 0.118243 0.241554 
 Mfc1    0.138514 0.000000 0.030405 0.271959 
 Mfc2    0.118243 0.030405 0.000000 0.268581 
 Compar  0.241554 0.271959 0.268581 0.000000 


