compatibilityTable_LtoL
          7Zip     Mfc1     Mfc2     Compar  
 7Zip    0.000000 3.073684 2.905263 4.063158 
 Mfc1    3.073684 0.000000 0.694737 4.410526 
 Mfc2    2.905263 0.694737 0.000000 4.378947 
 Compar  4.063158 4.410526 4.378947 0.000000 


new_compatibilityTable_LtoL
          7Zip     Mfc1     Mfc2     Compar  
 7Zip    0.000000 0.192105 0.181579 0.253947 
 Mfc1    0.192105 0.000000 0.043421 0.275658 
 Mfc2    0.181579 0.043421 0.000000 0.273684 
 Compar  0.253947 0.275658 0.273684 0.000000 


