compatibilityTable_LtoL
          7Zip     Mfc1     Mfc2     Compar  
 7Zip    0.000000 1.925926 1.555556 3.962963 
 Mfc1    1.925926 0.000000 0.370370 4.111111 
 Mfc2    1.555556 0.370370 0.000000 4.037037 
 Compar  3.962963 4.111111 4.037037 0.000000 


new_compatibilityTable_LtoL
          7Zip     Mfc1     Mfc2     Compar  
 7Zip    0.000000 0.120370 0.097222 0.247685 
 Mfc1    0.120370 0.000000 0.023148 0.256944 
 Mfc2    0.097222 0.023148 0.000000 0.252315 
 Compar  0.247685 0.256944 0.252315 0.000000 


