compatibilityTable_LtoL
          7Zip     Mfc1     Mfc2     Compar  
 7Zip    0.000000 2.870370 2.703704 4.009259 
 Mfc1    2.870370 0.000000 0.648148 4.398148 
 Mfc2    2.703704 0.648148 0.000000 4.379630 
 Compar  4.009259 4.398148 4.379630 0.000000 


new_compatibilityTable_LtoL
          7Zip     Mfc1     Mfc2     Compar  
 7Zip    0.000000 0.179398 0.168981 0.250579 
 Mfc1    0.179398 0.000000 0.040509 0.274884 
 Mfc2    0.168981 0.040509 0.000000 0.273727 
 Compar  0.250579 0.274884 0.273727 0.000000 


