compatibilityTable_LtoL
          7Zip     Mfc1     Mfc2     Compar  
 7Zip    0.000000 2.868966 2.689655 4.062069 
 Mfc1    2.868966 0.000000 0.724138 4.662069 
 Mfc2    2.689655 0.724138 0.000000 4.586207 
 Compar  4.062069 4.662069 4.586207 0.000000 


new_compatibilityTable_LtoL
          7Zip     Mfc1     Mfc2     Compar  
 7Zip    0.000000 0.179310 0.168103 0.253879 
 Mfc1    0.179310 0.000000 0.045259 0.291379 
 Mfc2    0.168103 0.045259 0.000000 0.286638 
 Compar  0.253879 0.291379 0.286638 0.000000 


