compatibilityTable_LtoL
          7Zip     Mfc1     Mfc2     Compar  
 7Zip    0.000000 2.727273 2.545455 4.012987 
 Mfc1    2.727273 0.000000 0.545455 4.558442 
 Mfc2    2.545455 0.545455 0.000000 4.558442 
 Compar  4.012987 4.558442 4.558442 0.000000 


new_compatibilityTable_LtoL
          7Zip     Mfc1     Mfc2     Compar  
 7Zip    0.000000 0.170455 0.159091 0.250812 
 Mfc1    0.170455 0.000000 0.034091 0.284903 
 Mfc2    0.159091 0.034091 0.000000 0.284903 
 Compar  0.250812 0.284903 0.284903 0.000000 


