compatibilityTable_LtoL
          7Zip     Mfc1     Mfc2     Compar  
 7Zip    0.000000 2.984252 2.803150 4.220472 
 Mfc1    2.984252 0.000000 0.740157 4.763780 
 Mfc2    2.803150 0.740157 0.000000 4.677166 
 Compar  4.220472 4.763780 4.677166 0.000000 


new_compatibilityTable_LtoL
          7Zip     Mfc1     Mfc2     Compar  
 7Zip    0.000000 0.186516 0.175197 0.263780 
 Mfc1    0.186516 0.000000 0.046260 0.297736 
 Mfc2    0.175197 0.046260 0.000000 0.292323 
 Compar  0.263780 0.297736 0.292323 0.000000 


