compatibilityTable_LtoL
          7Zip     Mfc1     Mfc2     Compar  
 7Zip    0.000000 2.959016 2.770492 4.172131 
 Mfc1    2.959016 0.000000 0.745902 4.663934 
 Mfc2    2.770492 0.745902 0.000000 4.581967 
 Compar  4.172131 4.663934 4.581967 0.000000 


new_compatibilityTable_LtoL
          7Zip     Mfc1     Mfc2     Compar  
 7Zip    0.000000 0.184939 0.173156 0.260758 
 Mfc1    0.184939 0.000000 0.046619 0.291496 
 Mfc2    0.173156 0.046619 0.000000 0.286373 
 Compar  0.260758 0.291496 0.286373 0.000000 


