compatibilityTable_LtoL
          7Zip     Mfc1     Mfc2     Compar  
 7Zip    0.000000 2.859107 2.680412 4.051547 
 Mfc1    2.859107 0.000000 0.721649 4.649485 
 Mfc2    2.680412 0.721649 0.000000 4.573883 
 Compar  4.051547 4.649485 4.573883 0.000000 


new_compatibilityTable_LtoL
          7Zip     Mfc1     Mfc2     Compar  
 7Zip    0.000000 0.178694 0.167526 0.253222 
 Mfc1    0.178694 0.000000 0.045103 0.290593 
 Mfc2    0.167526 0.045103 0.000000 0.285868 
 Compar  0.253222 0.290593 0.285868 0.000000 


