compatibilityTable_LtoL
          7Zip     Mfc1     Mfc2     Compar  
 7Zip    0.000000 2.845454 2.672727 3.990909 
 Mfc1    2.845454 0.000000 0.645455 4.372727 
 Mfc2    2.672727 0.645455 0.000000 4.354546 
 Compar  3.990909 4.372727 4.354546 0.000000 


new_compatibilityTable_LtoL
          7Zip     Mfc1     Mfc2     Compar  
 7Zip    0.000000 0.177841 0.167045 0.249432 
 Mfc1    0.177841 0.000000 0.040341 0.273295 
 Mfc2    0.167045 0.040341 0.000000 0.272159 
 Compar  0.249432 0.273295 0.272159 0.000000 


