compatibilityTable_LtoL
          7Zip     Mfc1     Mfc2     Compar  
 7Zip    0.000000 2.727273 2.509091 4.036364 
 Mfc1    2.727273 0.000000 0.745455 4.709091 
 Mfc2    2.509091 0.745455 0.000000 4.672727 
 Compar  4.036364 4.709091 4.672727 0.000000 


new_compatibilityTable_LtoL
          7Zip     Mfc1     Mfc2     Compar  
 7Zip    0.000000 0.170455 0.156818 0.252273 
 Mfc1    0.170455 0.000000 0.046591 0.294318 
 Mfc2    0.156818 0.046591 0.000000 0.292045 
 Compar  0.252273 0.294318 0.292045 0.000000 


