compatibilityTable_LtoL
          7Zip     Mfc1     Mfc2     Compar  
 7Zip    0.000000 2.928058 2.748201 4.107913 
 Mfc1    2.928058 0.000000 0.748201 4.726619 
 Mfc2    2.748201 0.748201 0.000000 4.640288 
 Compar  4.107913 4.726619 4.640288 0.000000 


new_compatibilityTable_LtoL
          7Zip     Mfc1     Mfc2     Compar  
 7Zip    0.000000 0.183004 0.171763 0.256745 
 Mfc1    0.183004 0.000000 0.046763 0.295414 
 Mfc2    0.171763 0.046763 0.000000 0.290018 
 Compar  0.256745 0.295414 0.290018 0.000000 


