compatibilityTable_LtoL
          7Zip     Mfc1     Mfc2     Compar  
 7Zip    0.000000 2.621849 2.453782 3.991597 
 Mfc1    2.621849 0.000000 0.722689 4.697479 
 Mfc2    2.453782 0.722689 0.000000 4.680672 
 Compar  3.991597 4.697479 4.680672 0.000000 


new_compatibilityTable_LtoL
          7Zip     Mfc1     Mfc2     Compar  
 7Zip    0.000000 0.163866 0.153361 0.249475 
 Mfc1    0.163866 0.000000 0.045168 0.293592 
 Mfc2    0.153361 0.045168 0.000000 0.292542 
 Compar  0.249475 0.293592 0.292542 0.000000 


