compatibilityTable_LtoL
          7Zip     Mfc1     Mfc2     Compar  
 7Zip    0.000000 2.924528 2.754717 3.990566 
 Mfc1    2.924528 0.000000 0.660377 4.386793 
 Mfc2    2.754717 0.660377 0.000000 4.367925 
 Compar  3.990566 4.386793 4.367925 0.000000 


new_compatibilityTable_LtoL
          7Zip     Mfc1     Mfc2     Compar  
 7Zip    0.000000 0.182783 0.172170 0.249410 
 Mfc1    0.182783 0.000000 0.041274 0.274175 
 Mfc2    0.172170 0.041274 0.000000 0.272995 
 Compar  0.249410 0.274175 0.272995 0.000000 


