compatibilityTable_LtoL
          7Zip     Mfc1     Mfc2     Compar  
 7Zip    0.000000 2.791667 2.583333 4.104167 
 Mfc1    2.791667 0.000000 0.645833 4.812500 
 Mfc2    2.583333 0.645833 0.000000 4.812500 
 Compar  4.104167 4.812500 4.812500 0.000000 


new_compatibilityTable_LtoL
          7Zip     Mfc1     Mfc2     Compar  
 7Zip    0.000000 0.174479 0.161458 0.256510 
 Mfc1    0.174479 0.000000 0.040365 0.300781 
 Mfc2    0.161458 0.040365 0.000000 0.300781 
 Compar  0.256510 0.300781 0.300781 0.000000 


