compatibilityTable_LtoL
          7Zip     Mfc1     Mfc2     Compar  
 7Zip    0.000000 2.891775 2.692641 4.030303 
 Mfc1    2.891775 0.000000 0.727273 4.463203 
 Mfc2    2.692641 0.727273 0.000000 4.411255 
 Compar  4.030303 4.463203 4.411255 0.000000 


new_compatibilityTable_LtoL
          7Zip     Mfc1     Mfc2     Compar  
 7Zip    0.000000 0.180736 0.168290 0.251894 
 Mfc1    0.180736 0.000000 0.045455 0.278950 
 Mfc2    0.168290 0.045455 0.000000 0.275703 
 Compar  0.251894 0.278950 0.275703 0.000000 


