compatibilityTable_LtoL
          7Zip     Mfc1     Mfc2     Compar  
 7Zip    0.000000 3.076923 2.899408 4.207100 
 Mfc1    3.076923 0.000000 0.721893 4.360947 
 Mfc2    2.899408 0.721893 0.000000 4.337278 
 Compar  4.207100 4.360947 4.337278 0.000000 


new_compatibilityTable_LtoL
          7Zip     Mfc1     Mfc2     Compar  
 7Zip    0.000000 0.192308 0.181213 0.262944 
 Mfc1    0.192308 0.000000 0.045118 0.272559 
 Mfc2    0.181213 0.045118 0.000000 0.271080 
 Compar  0.262944 0.272559 0.271080 0.000000 


