compatibilityTable_LtoL
          7Zip     Mfc1     Mfc2     Compar  
 7Zip    0.000000 2.208333 1.958333 3.666667 
 Mfc1    2.208333 0.000000 0.375000 4.458333 
 Mfc2    1.958333 0.375000 0.000000 4.416667 
 Compar  3.666667 4.458333 4.416667 0.000000 


new_compatibilityTable_LtoL
          7Zip     Mfc1     Mfc2     Compar  
 7Zip    0.000000 0.138021 0.122396 0.229167 
 Mfc1    0.138021 0.000000 0.023438 0.278646 
 Mfc2    0.122396 0.023438 0.000000 0.276042 
 Compar  0.229167 0.278646 0.276042 0.000000 


