compatibilityTable_LtoL
          7Zip     Mfc1     Mfc2     Compar  
 7Zip    0.000000 2.819820 2.648649 3.981982 
 Mfc1    2.819820 0.000000 0.639640 4.360360 
 Mfc2    2.648649 0.639640 0.000000 4.342342 
 Compar  3.981982 4.360360 4.342342 0.000000 


new_compatibilityTable_LtoL
          7Zip     Mfc1     Mfc2     Compar  
 7Zip    0.000000 0.176239 0.165541 0.248874 
 Mfc1    0.176239 0.000000 0.039977 0.272523 
 Mfc2    0.165541 0.039977 0.000000 0.271396 
 Compar  0.248874 0.272523 0.271396 0.000000 


