compatibilityTable_LtoL
          7Zip     Mfc1     Mfc2     Compar  
 7Zip    0.000000 2.784314 2.588235 3.967320 
 Mfc1    2.784314 0.000000 0.692810 4.307189 
 Mfc2    2.588235 0.692810 0.000000 4.294117 
 Compar  3.967320 4.307189 4.294117 0.000000 


new_compatibilityTable_LtoL
          7Zip     Mfc1     Mfc2     Compar  
 7Zip    0.000000 0.174020 0.161765 0.247958 
 Mfc1    0.174020 0.000000 0.043301 0.269199 
 Mfc2    0.161765 0.043301 0.000000 0.268382 
 Compar  0.247958 0.269199 0.268382 0.000000 


