compatibilityTable_LtoL
          7Zip     Mfc1     Mfc2     Compar  
 7Zip    0.000000 2.611570 2.429752 3.958678 
 Mfc1    2.611570 0.000000 0.727273 4.685950 
 Mfc2    2.429752 0.727273 0.000000 4.652893 
 Compar  3.958678 4.685950 4.652893 0.000000 


new_compatibilityTable_LtoL
          7Zip     Mfc1     Mfc2     Compar  
 7Zip    0.000000 0.163223 0.151860 0.247417 
 Mfc1    0.163223 0.000000 0.045455 0.292872 
 Mfc2    0.151860 0.045455 0.000000 0.290806 
 Compar  0.247417 0.292872 0.290806 0.000000 


