compatibilityTable_LtoL
          7Zip     Mfc1     Mfc2     Compar  
 7Zip    0.000000 2.781609 2.620690 4.057471 
 Mfc1    2.781609 0.000000 0.643678 4.655172 
 Mfc2    2.620690 0.643678 0.000000 4.678161 
 Compar  4.057471 4.655172 4.678161 0.000000 


new_compatibilityTable_LtoL
          7Zip     Mfc1     Mfc2     Compar  
 7Zip    0.000000 0.173851 0.163793 0.253592 
 Mfc1    0.173851 0.000000 0.040230 0.290948 
 Mfc2    0.163793 0.040230 0.000000 0.292385 
 Compar  0.253592 0.290948 0.292385 0.000000 


