compatibilityTable_LtoL
          7Zip     Mfc1     Mfc2     Compar  
 7Zip    0.000000 2.980545 2.801556 4.206226 
 Mfc1    2.980545 0.000000 0.731517 4.766537 
 Mfc2    2.801556 0.731517 0.000000 4.680934 
 Compar  4.206226 4.766537 4.680934 0.000000 


new_compatibilityTable_LtoL
          7Zip     Mfc1     Mfc2     Compar  
 7Zip    0.000000 0.186284 0.175097 0.262889 
 Mfc1    0.186284 0.000000 0.045720 0.297909 
 Mfc2    0.175097 0.045720 0.000000 0.292558 
 Compar  0.262889 0.297909 0.292558 0.000000 


