compatibilityTable_LtoL
          7Zip     Mfc1     Mfc2     Compar  
 7Zip    0.000000 2.985185 2.800000 4.162963 
 Mfc1    2.985185 0.000000 0.755556 4.777778 
 Mfc2    2.800000 0.755556 0.000000 4.696296 
 Compar  4.162963 4.777778 4.696296 0.000000 


new_compatibilityTable_LtoL
          7Zip     Mfc1     Mfc2     Compar  
 7Zip    0.000000 0.186574 0.175000 0.260185 
 Mfc1    0.186574 0.000000 0.047222 0.298611 
 Mfc2    0.175000 0.047222 0.000000 0.293519 
 Compar  0.260185 0.298611 0.293519 0.000000 


