compatibilityTable_LtoL
          7Zip     Mfc1     Mfc2     Compar  
 7Zip    0.000000 2.995074 2.817734 4.004926 
 Mfc1    2.995074 0.000000 0.669951 4.389163 
 Mfc2    2.817734 0.669951 0.000000 4.369458 
 Compar  4.004926 4.389163 4.369458 0.000000 


new_compatibilityTable_LtoL
          7Zip     Mfc1     Mfc2     Compar  
 7Zip    0.000000 0.187192 0.176108 0.250308 
 Mfc1    0.187192 0.000000 0.041872 0.274323 
 Mfc2    0.176108 0.041872 0.000000 0.273091 
 Compar  0.250308 0.274323 0.273091 0.000000 


