compatibilityTable_LtoL
          7Zip     Mfc1     Mfc2     Compar  
 7Zip    0.000000 2.773333 2.600000 3.986667 
 Mfc1    2.773333 0.000000 0.680000 4.346667 
 Mfc2    2.600000 0.680000 0.000000 4.333333 
 Compar  3.986667 4.346667 4.333333 0.000000 


new_compatibilityTable_LtoL
          7Zip     Mfc1     Mfc2     Compar  
 7Zip    0.000000 0.173333 0.162500 0.249167 
 Mfc1    0.173333 0.000000 0.042500 0.271667 
 Mfc2    0.162500 0.042500 0.000000 0.270833 
 Compar  0.249167 0.271667 0.270833 0.000000 


