compatibilityTable_LtoL
          7Zip     Mfc1     Mfc2     Compar  
 7Zip    0.000000 2.558140 2.387597 3.806201 
 Mfc1    2.558140 0.000000 0.682171 4.565891 
 Mfc2    2.387597 0.682171 0.000000 4.534883 
 Compar  3.806201 4.565891 4.534883 0.000000 


new_compatibilityTable_LtoL
          7Zip     Mfc1     Mfc2     Compar  
 7Zip    0.000000 0.159884 0.149225 0.237888 
 Mfc1    0.159884 0.000000 0.042636 0.285368 
 Mfc2    0.149225 0.042636 0.000000 0.283430 
 Compar  0.237888 0.285368 0.283430 0.000000 


