compatibilityTable_LtoL
          7Zip     Mfc1     Mfc2     Compar  
 7Zip    0.000000 3.031056 2.844721 4.229814 
 Mfc1    3.031056 0.000000 0.732919 4.378882 
 Mfc2    2.844721 0.732919 0.000000 4.341615 
 Compar  4.229814 4.378882 4.341615 0.000000 


new_compatibilityTable_LtoL
          7Zip     Mfc1     Mfc2     Compar  
 7Zip    0.000000 0.189441 0.177795 0.264363 
 Mfc1    0.189441 0.000000 0.045807 0.273680 
 Mfc2    0.177795 0.045807 0.000000 0.271351 
 Compar  0.264363 0.273680 0.271351 0.000000 


