compatibilityTable_LtoL
          7Zip     Mfc1     Mfc2     Compar  
 7Zip    0.000000 2.976562 2.796875 4.218750 
 Mfc1    2.976562 0.000000 0.734375 4.765625 
 Mfc2    2.796875 0.734375 0.000000 4.679688 
 Compar  4.218750 4.765625 4.679688 0.000000 


new_compatibilityTable_LtoL
          7Zip     Mfc1     Mfc2     Compar  
 7Zip    0.000000 0.186035 0.174805 0.263672 
 Mfc1    0.186035 0.000000 0.045898 0.297852 
 Mfc2    0.174805 0.045898 0.000000 0.292480 
 Compar  0.263672 0.297852 0.292480 0.000000 


