compatibilityTable_LtoL
          7Zip     Mfc1     Mfc2     Compar  
 7Zip    0.000000 2.256410 1.948718 3.820513 
 Mfc1    2.256410 0.000000 0.461538 4.435897 
 Mfc2    1.948718 0.461538 0.000000 4.384615 
 Compar  3.820513 4.435897 4.384615 0.000000 


new_compatibilityTable_LtoL
          7Zip     Mfc1     Mfc2     Compar  
 7Zip    0.000000 0.141026 0.121795 0.238782 
 Mfc1    0.141026 0.000000 0.028846 0.277244 
 Mfc2    0.121795 0.028846 0.000000 0.274038 
 Compar  0.238782 0.277244 0.274038 0.000000 


