compatibilityTable_LtoL
          7Zip     Mfc1     Mfc2     Compar  
 7Zip    0.000000 3.119565 2.945652 4.065217 
 Mfc1    3.119565 0.000000 0.695652 4.369565 
 Mfc2    2.945652 0.695652 0.000000 4.336957 
 Compar  4.065217 4.369565 4.336957 0.000000 


new_compatibilityTable_LtoL
          7Zip     Mfc1     Mfc2     Compar  
 7Zip    0.000000 0.194973 0.184103 0.254076 
 Mfc1    0.194973 0.000000 0.043478 0.273098 
 Mfc2    0.184103 0.043478 0.000000 0.271060 
 Compar  0.254076 0.273098 0.271060 0.000000 


