compatibilityTable_LtoL
          7Zip     Mfc1     Mfc2     Compar  
 7Zip    0.000000 2.883721 2.716279 4.004651 
 Mfc1    2.883721 0.000000 0.651163 4.395349 
 Mfc2    2.716279 0.651163 0.000000 4.376744 
 Compar  4.004651 4.395349 4.376744 0.000000 


new_compatibilityTable_LtoL
          7Zip     Mfc1     Mfc2     Compar  
 7Zip    0.000000 0.180233 0.169767 0.250291 
 Mfc1    0.180233 0.000000 0.040698 0.274709 
 Mfc2    0.169767 0.040698 0.000000 0.273547 
 Compar  0.250291 0.274709 0.273547 0.000000 


