compatibilityTable_LtoL
          7Zip     Mfc1     Mfc2     Compar  
 7Zip    0.000000 2.327273 2.109091 3.509091 
 Mfc1    2.327273 0.000000 0.327273 4.418182 
 Mfc2    2.109091 0.327273 0.000000 4.381818 
 Compar  3.509091 4.418182 4.381818 0.000000 


new_compatibilityTable_LtoL
          7Zip     Mfc1     Mfc2     Compar  
 7Zip    0.000000 0.145455 0.131818 0.219318 
 Mfc1    0.145455 0.000000 0.020455 0.276136 
 Mfc2    0.131818 0.020455 0.000000 0.273864 
 Compar  0.219318 0.276136 0.273864 0.000000 


