compatibilityTable_LtoL
          7Zip     Mfc1     Mfc2     Compar  
 7Zip    0.000000 1.866667 1.333333 4.600000 
 Mfc1    1.866667 0.000000 0.533333 4.466667 
 Mfc2    1.333333 0.533333 0.000000 4.333333 
 Compar  4.600000 4.466667 4.333333 0.000000 


new_compatibilityTable_LtoL
          7Zip     Mfc1     Mfc2     Compar  
 7Zip    0.000000 0.116667 0.083333 0.287500 
 Mfc1    0.116667 0.000000 0.033333 0.279167 
 Mfc2    0.083333 0.033333 0.000000 0.270833 
 Compar  0.287500 0.279167 0.270833 0.000000 


