compatibilityTable_LtoL
          7Zip     Mfc1     Mfc2     Compar  
 7Zip    0.000000 2.055556 1.777778 3.888889 
 Mfc1    2.055556 0.000000 0.388889 4.222222 
 Mfc2    1.777778 0.388889 0.000000 4.222222 
 Compar  3.888889 4.222222 4.222222 0.000000 


new_compatibilityTable_LtoL
          7Zip     Mfc1     Mfc2     Compar  
 7Zip    0.000000 0.128472 0.111111 0.243056 
 Mfc1    0.128472 0.000000 0.024306 0.263889 
 Mfc2    0.111111 0.024306 0.000000 0.263889 
 Compar  0.243056 0.263889 0.263889 0.000000 


