compatibilityTable_LtoL
          7Zip     Mfc1     Mfc2     Compar  
 7Zip    0.000000 2.090909 1.636364 4.545455 
 Mfc1    2.090909 0.000000 0.454545 4.454545 
 Mfc2    1.636364 0.454545 0.000000 4.363636 
 Compar  4.545455 4.454545 4.363636 0.000000 


new_compatibilityTable_LtoL
          7Zip     Mfc1     Mfc2     Compar  
 7Zip    0.000000 0.130682 0.102273 0.284091 
 Mfc1    0.130682 0.000000 0.028409 0.278409 
 Mfc2    0.102273 0.028409 0.000000 0.272727 
 Compar  0.284091 0.278409 0.272727 0.000000 


