compatibilityTable_LtoL
          7Zip     Mfc1     Mfc2     Compar  
 7Zip    0.000000 2.976744 2.798450 4.201550 
 Mfc1    2.976744 0.000000 0.728682 4.767442 
 Mfc2    2.798450 0.728682 0.000000 4.682170 
 Compar  4.201550 4.767442 4.682170 0.000000 


new_compatibilityTable_LtoL
          7Zip     Mfc1     Mfc2     Compar  
 7Zip    0.000000 0.186047 0.174903 0.262597 
 Mfc1    0.186047 0.000000 0.045543 0.297965 
 Mfc2    0.174903 0.045543 0.000000 0.292636 
 Compar  0.262597 0.297965 0.292636 0.000000 


