compatibilityTable_LtoL
          7Zip     Mfc1     Mfc2     Compar  
 7Zip    0.000000 2.800000 2.626667 4.033333 
 Mfc1    2.800000 0.000000 0.713333 4.620000 
 Mfc2    2.626667 0.713333 0.000000 4.553333 
 Compar  4.033333 4.620000 4.553333 0.000000 


new_compatibilityTable_LtoL
          7Zip     Mfc1     Mfc2     Compar  
 7Zip    0.000000 0.175000 0.164167 0.252083 
 Mfc1    0.175000 0.000000 0.044583 0.288750 
 Mfc2    0.164167 0.044583 0.000000 0.284583 
 Compar  0.252083 0.288750 0.284583 0.000000 


