compatibilityTable_LtoL
          7Zip     Mfc1     Mfc2     Compar  
 7Zip    0.000000 3.010204 2.846939 4.030612 
 Mfc1    3.010204 0.000000 0.673469 4.397959 
 Mfc2    2.846939 0.673469 0.000000 4.367347 
 Compar  4.030612 4.397959 4.367347 0.000000 


new_compatibilityTable_LtoL
          7Zip     Mfc1     Mfc2     Compar  
 7Zip    0.000000 0.188138 0.177934 0.251913 
 Mfc1    0.188138 0.000000 0.042092 0.274872 
 Mfc2    0.177934 0.042092 0.000000 0.272959 
 Compar  0.251913 0.274872 0.272959 0.000000 


