compatibilityTable_LtoL
          7Zip     Mfc1     Mfc2     Compar  
 7Zip    0.000000 3.015267 2.816794 4.198473 
 Mfc1    3.015267 0.000000 0.740458 4.786260 
 Mfc2    2.816794 0.740458 0.000000 4.687023 
 Compar  4.198473 4.786260 4.687023 0.000000 


new_compatibilityTable_LtoL
          7Zip     Mfc1     Mfc2     Compar  
 7Zip    0.000000 0.188454 0.176050 0.262405 
 Mfc1    0.188454 0.000000 0.046279 0.299141 
 Mfc2    0.176050 0.046279 0.000000 0.292939 
 Compar  0.262405 0.299141 0.292939 0.000000 


