compatibilityTable_LtoL
          7Zip     Mfc1     Mfc2     Compar  
 7Zip    0.000000 3.070588 2.894118 4.188235 
 Mfc1    3.070588 0.000000 0.717647 4.352941 
 Mfc2    2.894118 0.717647 0.000000 4.329412 
 Compar  4.188235 4.352941 4.329412 0.000000 


new_compatibilityTable_LtoL
          7Zip     Mfc1     Mfc2     Compar  
 7Zip    0.000000 0.191912 0.180882 0.261765 
 Mfc1    0.191912 0.000000 0.044853 0.272059 
 Mfc2    0.180882 0.044853 0.000000 0.270588 
 Compar  0.261765 0.272059 0.270588 0.000000 


