compatibilityTable_LtoL
          7Zip     Mfc1     Mfc2     Compar  
 7Zip    0.000000 3.046512 2.872093 4.151163 
 Mfc1    3.046512 0.000000 0.709302 4.325582 
 Mfc2    2.872093 0.709302 0.000000 4.302326 
 Compar  4.151163 4.325582 4.302326 0.000000 


new_compatibilityTable_LtoL
          7Zip     Mfc1     Mfc2     Compar  
 7Zip    0.000000 0.190407 0.179506 0.259448 
 Mfc1    0.190407 0.000000 0.044331 0.270349 
 Mfc2    0.179506 0.044331 0.000000 0.268895 
 Compar  0.259448 0.270349 0.268895 0.000000 


