compatibilityTable_LtoL
          7Zip     Mfc1     Mfc2     Compar  
 7Zip    0.000000 2.813793 2.634483 4.006896 
 Mfc1    2.813793 0.000000 0.703448 4.434483 
 Mfc2    2.634483 0.703448 0.000000 4.420690 
 Compar  4.006896 4.434483 4.420690 0.000000 


new_compatibilityTable_LtoL
          7Zip     Mfc1     Mfc2     Compar  
 7Zip    0.000000 0.175862 0.164655 0.250431 
 Mfc1    0.175862 0.000000 0.043966 0.277155 
 Mfc2    0.164655 0.043966 0.000000 0.276293 
 Compar  0.250431 0.277155 0.276293 0.000000 


