compatibilityTable_LtoL
          7Zip     Mfc1     Mfc2     Compar  
 7Zip    0.000000 2.985507 2.801932 4.004831 
 Mfc1    2.985507 0.000000 0.666667 4.400966 
 Mfc2    2.801932 0.666667 0.000000 4.371981 
 Compar  4.004831 4.400966 4.371981 0.000000 


new_compatibilityTable_LtoL
          7Zip     Mfc1     Mfc2     Compar  
 7Zip    0.000000 0.186594 0.175121 0.250302 
 Mfc1    0.186594 0.000000 0.041667 0.275060 
 Mfc2    0.175121 0.041667 0.000000 0.273249 
 Compar  0.250302 0.275060 0.273249 0.000000 


