compatibilityTable_LtoL
          7Zip     Mfc1     Mfc2     Compar  
 7Zip    0.000000 2.766355 2.579439 3.990654 
 Mfc1    2.766355 0.000000 0.728972 4.663551 
 Mfc2    2.579439 0.728972 0.000000 4.644860 
 Compar  3.990654 4.663551 4.644860 0.000000 


new_compatibilityTable_LtoL
          7Zip     Mfc1     Mfc2     Compar  
 7Zip    0.000000 0.172897 0.161215 0.249416 
 Mfc1    0.172897 0.000000 0.045561 0.291472 
 Mfc2    0.161215 0.045561 0.000000 0.290304 
 Compar  0.249416 0.291472 0.290304 0.000000 


