compatibilityTable_LtoL
          7Zip     Mfc1     Mfc2     Compar  
 7Zip    0.000000 2.800000 2.588235 3.964706 
 Mfc1    2.800000 0.000000 0.611765 4.552941 
 Mfc2    2.588235 0.611765 0.000000 4.552941 
 Compar  3.964706 4.552941 4.552941 0.000000 


new_compatibilityTable_LtoL
          7Zip     Mfc1     Mfc2     Compar  
 7Zip    0.000000 0.175000 0.161765 0.247794 
 Mfc1    0.175000 0.000000 0.038235 0.284559 
 Mfc2    0.161765 0.038235 0.000000 0.284559 
 Compar  0.247794 0.284559 0.284559 0.000000 


