compatibilityTable_LtoL
          7Zip     Mfc1     Mfc2     Compar  
 7Zip    0.000000 2.212766 1.957447 3.680851 
 Mfc1    2.212766 0.000000 0.382979 4.446808 
 Mfc2    1.957447 0.382979 0.000000 4.404255 
 Compar  3.680851 4.446808 4.404255 0.000000 


new_compatibilityTable_LtoL
          7Zip     Mfc1     Mfc2     Compar  
 7Zip    0.000000 0.138298 0.122340 0.230053 
 Mfc1    0.138298 0.000000 0.023936 0.277926 
 Mfc2    0.122340 0.023936 0.000000 0.275266 
 Compar  0.230053 0.277926 0.275266 0.000000 


