compatibilityTable_LtoL
          7Zip     Mfc1     Mfc2     Compar  
 7Zip    0.000000 2.675676 2.513514 3.945946 
 Mfc1    2.675676 0.000000 0.540541 4.540541 
 Mfc2    2.513514 0.540541 0.000000 4.540541 
 Compar  3.945946 4.540541 4.540541 0.000000 


new_compatibilityTable_LtoL
          7Zip     Mfc1     Mfc2     Compar  
 7Zip    0.000000 0.167230 0.157095 0.246622 
 Mfc1    0.167230 0.000000 0.033784 0.283784 
 Mfc2    0.157095 0.033784 0.000000 0.283784 
 Compar  0.246622 0.283784 0.283784 0.000000 


