compatibilityTable_LtoL
          7Zip     Mfc1     Mfc2     Compar  
 7Zip    0.000000 2.836735 2.659864 4.020408 
 Mfc1    2.836735 0.000000 0.714286 4.619048 
 Mfc2    2.659864 0.714286 0.000000 4.544218 
 Compar  4.020408 4.619048 4.544218 0.000000 


new_compatibilityTable_LtoL
          7Zip     Mfc1     Mfc2     Compar  
 7Zip    0.000000 0.177296 0.166241 0.251276 
 Mfc1    0.177296 0.000000 0.044643 0.288690 
 Mfc2    0.166241 0.044643 0.000000 0.284014 
 Compar  0.251276 0.288690 0.284014 0.000000 


