compatibilityTable_LtoL
          7Zip     Mfc1     Mfc2     Compar  
 7Zip    0.000000 1.793103 1.517241 3.827586 
 Mfc1    1.793103 0.000000 0.413793 3.965517 
 Mfc2    1.517241 0.413793 0.000000 3.965517 
 Compar  3.827586 3.965517 3.965517 0.000000 


new_compatibilityTable_LtoL
          7Zip     Mfc1     Mfc2     Compar  
 7Zip    0.000000 0.112069 0.094828 0.239224 
 Mfc1    0.112069 0.000000 0.025862 0.247845 
 Mfc2    0.094828 0.025862 0.000000 0.247845 
 Compar  0.239224 0.247845 0.247845 0.000000 


