compatibilityTable_LtoL
          7Zip     Mfc1     Mfc2     Compar  
 7Zip    0.000000 2.379310 2.206897 3.655172 
 Mfc1    2.379310 0.000000 0.379310 4.517241 
 Mfc2    2.206897 0.379310 0.000000 4.482759 
 Compar  3.655172 4.517241 4.482759 0.000000 


new_compatibilityTable_LtoL
          7Zip     Mfc1     Mfc2     Compar  
 7Zip    0.000000 0.148707 0.137931 0.228448 
 Mfc1    0.148707 0.000000 0.023707 0.282328 
 Mfc2    0.137931 0.023707 0.000000 0.280172 
 Compar  0.228448 0.282328 0.280172 0.000000 


