compatibilityTable_LtoL
          7Zip     Mfc1     Mfc2     Compar  
 7Zip    0.000000 2.515152 2.333333 3.545455 
 Mfc1    2.515152 0.000000 0.454545 4.484848 
 Mfc2    2.333333 0.454545 0.000000 4.454545 
 Compar  3.545455 4.484848 4.454545 0.000000 


new_compatibilityTable_LtoL
          7Zip     Mfc1     Mfc2     Compar  
 7Zip    0.000000 0.157197 0.145833 0.221591 
 Mfc1    0.157197 0.000000 0.028409 0.280303 
 Mfc2    0.145833 0.028409 0.000000 0.278409 
 Compar  0.221591 0.280303 0.278409 0.000000 


