compatibilityTable_LtoL
          7Zip     Mfc1     Mfc2     Compar  
 7Zip    0.000000 2.918149 2.740214 4.096086 
 Mfc1    2.918149 0.000000 0.740214 4.729537 
 Mfc2    2.740214 0.740214 0.000000 4.644128 
 Compar  4.096086 4.729537 4.644128 0.000000 


new_compatibilityTable_LtoL
          7Zip     Mfc1     Mfc2     Compar  
 7Zip    0.000000 0.182384 0.171263 0.256005 
 Mfc1    0.182384 0.000000 0.046263 0.295596 
 Mfc2    0.171263 0.046263 0.000000 0.290258 
 Compar  0.256005 0.295596 0.290258 0.000000 


