compatibilityTable_LtoL
          7Zip     Mfc1     Mfc2     Compar  
 7Zip    0.000000 2.821549 2.646465 4.030303 
 Mfc1    2.821549 0.000000 0.720539 4.616162 
 Mfc2    2.646465 0.720539 0.000000 4.548821 
 Compar  4.030303 4.616162 4.548821 0.000000 


new_compatibilityTable_LtoL
          7Zip     Mfc1     Mfc2     Compar  
 7Zip    0.000000 0.176347 0.165404 0.251894 
 Mfc1    0.176347 0.000000 0.045034 0.288510 
 Mfc2    0.165404 0.045034 0.000000 0.284301 
 Compar  0.251894 0.288510 0.284301 0.000000 


