compatibilityTable_LtoL
          7Zip     Mfc1     Mfc2     Compar  
 7Zip    0.000000 2.907801 2.730496 4.099291 
 Mfc1    2.907801 0.000000 0.737589 4.730496 
 Mfc2    2.730496 0.737589 0.000000 4.645390 
 Compar  4.099291 4.730496 4.645390 0.000000 


new_compatibilityTable_LtoL
          7Zip     Mfc1     Mfc2     Compar  
 7Zip    0.000000 0.181738 0.170656 0.256206 
 Mfc1    0.181738 0.000000 0.046099 0.295656 
 Mfc2    0.170656 0.046099 0.000000 0.290337 
 Compar  0.256206 0.295656 0.290337 0.000000 


