compatibilityTable_LtoL
          7Zip     Mfc1     Mfc2     Compar  
 7Zip    0.000000 2.582677 2.409449 3.850394 
 Mfc1    2.582677 0.000000 0.692913 4.606299 
 Mfc2    2.409449 0.692913 0.000000 4.574803 
 Compar  3.850394 4.606299 4.574803 0.000000 


new_compatibilityTable_LtoL
          7Zip     Mfc1     Mfc2     Compar  
 7Zip    0.000000 0.161417 0.150591 0.240650 
 Mfc1    0.161417 0.000000 0.043307 0.287894 
 Mfc2    0.150591 0.043307 0.000000 0.285925 
 Compar  0.240650 0.287894 0.285925 0.000000 


