compatibilityTable_LtoL
          7Zip     Mfc1     Mfc2     Compar  
 7Zip    0.000000 2.780952 2.590476 4.009524 
 Mfc1    2.780952 0.000000 0.742857 4.733333 
 Mfc2    2.590476 0.742857 0.000000 4.714286 
 Compar  4.009524 4.733333 4.714286 0.000000 


new_compatibilityTable_LtoL
          7Zip     Mfc1     Mfc2     Compar  
 7Zip    0.000000 0.173810 0.161905 0.250595 
 Mfc1    0.173810 0.000000 0.046429 0.295833 
 Mfc2    0.161905 0.046429 0.000000 0.294643 
 Compar  0.250595 0.295833 0.294643 0.000000 


