compatibilityTable_LtoL
          7Zip     Mfc1     Mfc2     Compar  
 7Zip    0.000000 2.840580 2.666667 4.057971 
 Mfc1    2.840580 0.000000 0.681159 4.536232 
 Mfc2    2.666667 0.681159 0.000000 4.507246 
 Compar  4.057971 4.536232 4.507246 0.000000 


new_compatibilityTable_LtoL
          7Zip     Mfc1     Mfc2     Compar  
 7Zip    0.000000 0.177536 0.166667 0.253623 
 Mfc1    0.177536 0.000000 0.042572 0.283514 
 Mfc2    0.166667 0.042572 0.000000 0.281703 
 Compar  0.253623 0.283514 0.281703 0.000000 


