compatibilityTable_LtoL
          7Zip     Mfc1     Mfc2     Compar  
 7Zip    0.000000 2.500000 2.333333 3.633333 
 Mfc1    2.500000 0.000000 0.366667 4.600000 
 Mfc2    2.333333 0.366667 0.000000 4.566667 
 Compar  3.633333 4.600000 4.566667 0.000000 


new_compatibilityTable_LtoL
          7Zip     Mfc1     Mfc2     Compar  
 7Zip    0.000000 0.156250 0.145833 0.227083 
 Mfc1    0.156250 0.000000 0.022917 0.287500 
 Mfc2    0.145833 0.022917 0.000000 0.285417 
 Compar  0.227083 0.287500 0.285417 0.000000 


