compatibilityTable_LtoL
          7Zip     Mfc1     Mfc2     Compar  
 7Zip    0.000000 2.910798 2.741784 3.995305 
 Mfc1    2.910798 0.000000 0.657277 4.389671 
 Mfc2    2.741784 0.657277 0.000000 4.370892 
 Compar  3.995305 4.389671 4.370892 0.000000 


new_compatibilityTable_LtoL
          7Zip     Mfc1     Mfc2     Compar  
 7Zip    0.000000 0.181925 0.171362 0.249707 
 Mfc1    0.181925 0.000000 0.041080 0.274354 
 Mfc2    0.171362 0.041080 0.000000 0.273181 
 Compar  0.249707 0.274354 0.273181 0.000000 


