compatibilityTable_LtoL
          7Zip     Mfc1     Mfc2     Compar  
 7Zip    0.000000 2.963504 2.773723 4.124088 
 Mfc1    2.963504 0.000000 0.751825 4.744525 
 Mfc2    2.773723 0.751825 0.000000 4.656934 
 Compar  4.124088 4.744525 4.656934 0.000000 


new_compatibilityTable_LtoL
          7Zip     Mfc1     Mfc2     Compar  
 7Zip    0.000000 0.185219 0.173358 0.257755 
 Mfc1    0.185219 0.000000 0.046989 0.296533 
 Mfc2    0.173358 0.046989 0.000000 0.291058 
 Compar  0.257755 0.296533 0.291058 0.000000 


