compatibilityTable_LtoL
          7Zip     Mfc1     Mfc2     Compar  
 7Zip    0.000000 2.707965 2.513274 4.061947 
 Mfc1    2.707965 0.000000 0.743363 4.752213 
 Mfc2    2.513274 0.743363 0.000000 4.716814 
 Compar  4.061947 4.752213 4.716814 0.000000 


new_compatibilityTable_LtoL
          7Zip     Mfc1     Mfc2     Compar  
 7Zip    0.000000 0.169248 0.157080 0.253872 
 Mfc1    0.169248 0.000000 0.046460 0.297013 
 Mfc2    0.157080 0.046460 0.000000 0.294801 
 Compar  0.253872 0.297013 0.294801 0.000000 


