compatibilityTable_LtoL
          7Zip     Mfc1     Mfc2     Compar  
 7Zip    0.000000 2.910638 2.714894 4.038298 
 Mfc1    2.910638 0.000000 0.714894 4.489362 
 Mfc2    2.714894 0.714894 0.000000 4.438298 
 Compar  4.038298 4.489362 4.438298 0.000000 


new_compatibilityTable_LtoL
          7Zip     Mfc1     Mfc2     Compar  
 7Zip    0.000000 0.181915 0.169681 0.252394 
 Mfc1    0.181915 0.000000 0.044681 0.280585 
 Mfc2    0.169681 0.044681 0.000000 0.277394 
 Compar  0.252394 0.280585 0.277394 0.000000 


