compatibilityTable_LtoL
          7Zip     Mfc1     Mfc2     Compar  
 7Zip    0.000000 3.127072 2.950276 4.093923 
 Mfc1    3.127072 0.000000 0.707182 4.370166 
 Mfc2    2.950276 0.707182 0.000000 4.337017 
 Compar  4.093923 4.370166 4.337017 0.000000 


new_compatibilityTable_LtoL
          7Zip     Mfc1     Mfc2     Compar  
 7Zip    0.000000 0.195442 0.184392 0.255870 
 Mfc1    0.195442 0.000000 0.044199 0.273135 
 Mfc2    0.184392 0.044199 0.000000 0.271064 
 Compar  0.255870 0.273135 0.271064 0.000000 


