compatibilityTable_LtoL
          7Zip     Mfc1     Mfc2     Compar  
 7Zip    0.000000 2.818792 2.644295 4.026845 
 Mfc1    2.818792 0.000000 0.718121 4.617450 
 Mfc2    2.644295 0.718121 0.000000 4.550335 
 Compar  4.026845 4.617450 4.550335 0.000000 


new_compatibilityTable_LtoL
          7Zip     Mfc1     Mfc2     Compar  
 7Zip    0.000000 0.176174 0.165268 0.251678 
 Mfc1    0.176174 0.000000 0.044883 0.288591 
 Mfc2    0.165268 0.044883 0.000000 0.284396 
 Compar  0.251678 0.288591 0.284396 0.000000 


