compatibilityTable_LtoL
          7Zip     Mfc1     Mfc2     Compar  
 7Zip    0.000000 2.884211 2.708772 4.087719 
 Mfc1    2.884211 0.000000 0.729825 4.712281 
 Mfc2    2.708772 0.729825 0.000000 4.628070 
 Compar  4.087719 4.712281 4.628070 0.000000 


new_compatibilityTable_LtoL
          7Zip     Mfc1     Mfc2     Compar  
 7Zip    0.000000 0.180263 0.169298 0.255482 
 Mfc1    0.180263 0.000000 0.045614 0.294518 
 Mfc2    0.169298 0.045614 0.000000 0.289254 
 Compar  0.255482 0.294518 0.289254 0.000000 


