compatibilityTable_LtoL
          7Zip     Mfc1     Mfc2     Compar  
 7Zip    0.000000 3.096385 2.915663 4.253012 
 Mfc1    3.096385 0.000000 0.722892 4.373494 
 Mfc2    2.915663 0.722892 0.000000 4.349398 
 Compar  4.253012 4.373494 4.349398 0.000000 


new_compatibilityTable_LtoL
          7Zip     Mfc1     Mfc2     Compar  
 7Zip    0.000000 0.193524 0.182229 0.265813 
 Mfc1    0.193524 0.000000 0.045181 0.273343 
 Mfc2    0.182229 0.045181 0.000000 0.271837 
 Compar  0.265813 0.273343 0.271837 0.000000 


