compatibilityTable_LtoL
          7Zip     Mfc1     Mfc2     Compar  
 7Zip    0.000000 2.820144 2.647482 4.035971 
 Mfc1    2.820144 0.000000 0.676259 4.510791 
 Mfc2    2.647482 0.676259 0.000000 4.482014 
 Compar  4.035971 4.510791 4.482014 0.000000 


new_compatibilityTable_LtoL
          7Zip     Mfc1     Mfc2     Compar  
 7Zip    0.000000 0.176259 0.165468 0.252248 
 Mfc1    0.176259 0.000000 0.042266 0.281924 
 Mfc2    0.165468 0.042266 0.000000 0.280126 
 Compar  0.252248 0.281924 0.280126 0.000000 


