compatibilityTable_LtoL
          7Zip     Mfc1     Mfc2     Compar  
 7Zip    0.000000 2.777778 2.597222 3.986111 
 Mfc1    2.777778 0.000000 0.666667 4.416667 
 Mfc2    2.597222 0.666667 0.000000 4.402778 
 Compar  3.986111 4.416667 4.402778 0.000000 


new_compatibilityTable_LtoL
          7Zip     Mfc1     Mfc2     Compar  
 7Zip    0.000000 0.173611 0.162326 0.249132 
 Mfc1    0.173611 0.000000 0.041667 0.276042 
 Mfc2    0.162326 0.041667 0.000000 0.275174 
 Compar  0.249132 0.276042 0.275174 0.000000 


