compatibilityTable_LtoL
          7Zip     Mfc1     Mfc2     Compar  
 7Zip    0.000000 3.007463 2.813433 4.171642 
 Mfc1    3.007463 0.000000 0.753731 4.791045 
 Mfc2    2.813433 0.753731 0.000000 4.701492 
 Compar  4.171642 4.791045 4.701492 0.000000 


new_compatibilityTable_LtoL
          7Zip     Mfc1     Mfc2     Compar  
 7Zip    0.000000 0.187966 0.175840 0.260728 
 Mfc1    0.187966 0.000000 0.047108 0.299440 
 Mfc2    0.175840 0.047108 0.000000 0.293843 
 Compar  0.260728 0.299440 0.293843 0.000000 


