compatibilityTable_LtoL
          7Zip     Mfc1     Mfc2     Compar  
 7Zip    0.000000 2.979920 2.803213 4.228916 
 Mfc1    2.979920 0.000000 0.738956 4.734940 
 Mfc2    2.803213 0.738956 0.000000 4.654618 
 Compar  4.228916 4.734940 4.654618 0.000000 


new_compatibilityTable_LtoL
          7Zip     Mfc1     Mfc2     Compar  
 7Zip    0.000000 0.186245 0.175201 0.264307 
 Mfc1    0.186245 0.000000 0.046185 0.295934 
 Mfc2    0.175201 0.046185 0.000000 0.290914 
 Compar  0.264307 0.295934 0.290914 0.000000 


