compatibilityTable_LtoL
          7Zip     Mfc1     Mfc2     Compar  
 7Zip    0.000000 2.562500 2.406250 3.593750 
 Mfc1    2.562500 0.000000 0.437500 4.531250 
 Mfc2    2.406250 0.437500 0.000000 4.531250 
 Compar  3.593750 4.531250 4.531250 0.000000 


new_compatibilityTable_LtoL
          7Zip     Mfc1     Mfc2     Compar  
 7Zip    0.000000 0.160156 0.150391 0.224609 
 Mfc1    0.160156 0.000000 0.027344 0.283203 
 Mfc2    0.150391 0.027344 0.000000 0.283203 
 Compar  0.224609 0.283203 0.283203 0.000000 


