compatibilityTable_LtoL
          7Zip     Mfc1     Mfc2     Compar  
 7Zip    0.000000 3.036269 2.870466 4.077720 
 Mfc1    3.036269 0.000000 0.683938 4.430052 
 Mfc2    2.870466 0.683938 0.000000 4.398964 
 Compar  4.077720 4.430052 4.398964 0.000000 


new_compatibilityTable_LtoL
          7Zip     Mfc1     Mfc2     Compar  
 7Zip    0.000000 0.189767 0.179404 0.254858 
 Mfc1    0.189767 0.000000 0.042746 0.276878 
 Mfc2    0.179404 0.042746 0.000000 0.274935 
 Compar  0.254858 0.276878 0.274935 0.000000 


