compatibilityTable_LtoL
          7Zip     Mfc1     Mfc2     Compar  
 7Zip    0.000000 2.787097 2.593548 3.967742 
 Mfc1    2.787097 0.000000 0.683871 4.290323 
 Mfc2    2.593548 0.683871 0.000000 4.277420 
 Compar  3.967742 4.290323 4.277420 0.000000 


new_compatibilityTable_LtoL
          7Zip     Mfc1     Mfc2     Compar  
 7Zip    0.000000 0.174194 0.162097 0.247984 
 Mfc1    0.174194 0.000000 0.042742 0.268145 
 Mfc2    0.162097 0.042742 0.000000 0.267339 
 Compar  0.247984 0.268145 0.267339 0.000000 


