compatibilityTable_LtoL
          7Zip     Mfc1     Mfc2     Compar  
 7Zip    0.000000 3.028902 2.855491 4.132948 
 Mfc1    3.028902 0.000000 0.705202 4.306358 
 Mfc2    2.855491 0.705202 0.000000 4.283237 
 Compar  4.132948 4.306358 4.283237 0.000000 


new_compatibilityTable_LtoL
          7Zip     Mfc1     Mfc2     Compar  
 7Zip    0.000000 0.189306 0.178468 0.258309 
 Mfc1    0.189306 0.000000 0.044075 0.269147 
 Mfc2    0.178468 0.044075 0.000000 0.267702 
 Compar  0.258309 0.269147 0.267702 0.000000 


