compatibilityTable_LtoL
          7Zip     Mfc1     Mfc2     Compar  
 7Zip    0.000000 2.681482 2.503704 3.903704 
 Mfc1    2.681482 0.000000 0.681481 4.585185 
 Mfc2    2.503704 0.681481 0.000000 4.570370 
 Compar  3.903704 4.585185 4.570370 0.000000 


new_compatibilityTable_LtoL
          7Zip     Mfc1     Mfc2     Compar  
 7Zip    0.000000 0.167593 0.156481 0.243981 
 Mfc1    0.167593 0.000000 0.042593 0.286574 
 Mfc2    0.156481 0.042593 0.000000 0.285648 
 Compar  0.243981 0.286574 0.285648 0.000000 


