compatibilityTable_LtoL
          7Zip     Mfc1     Mfc2     Compar  
 7Zip    0.000000 3.079755 2.895705 4.288343 
 Mfc1    3.079755 0.000000 0.736196 4.349693 
 Mfc2    2.895705 0.736196 0.000000 4.325153 
 Compar  4.288343 4.349693 4.325153 0.000000 


new_compatibilityTable_LtoL
          7Zip     Mfc1     Mfc2     Compar  
 7Zip    0.000000 0.192485 0.180982 0.268021 
 Mfc1    0.192485 0.000000 0.046012 0.271856 
 Mfc2    0.180982 0.046012 0.000000 0.270322 
 Compar  0.268021 0.271856 0.270322 0.000000 


