compatibilityTable_LtoL
          7Zip     Mfc1     Mfc2     Compar  
 7Zip    0.000000 2.834081 2.654709 3.995516 
 Mfc1    2.834081 0.000000 0.654709 4.381166 
 Mfc2    2.654709 0.654709 0.000000 4.363229 
 Compar  3.995516 4.381166 4.363229 0.000000 


new_compatibilityTable_LtoL
          7Zip     Mfc1     Mfc2     Compar  
 7Zip    0.000000 0.177130 0.165919 0.249720 
 Mfc1    0.177130 0.000000 0.040919 0.273823 
 Mfc2    0.165919 0.040919 0.000000 0.272702 
 Compar  0.249720 0.273823 0.272702 0.000000 


