compatibilityTable_LtoL
          7Zip     Mfc1     Mfc2     Compar  
 7Zip    0.000000 2.195122 1.902439 3.780488 
 Mfc1    2.195122 0.000000 0.439024 4.365854 
 Mfc2    1.902439 0.439024 0.000000 4.317073 
 Compar  3.780488 4.365854 4.317073 0.000000 


new_compatibilityTable_LtoL
          7Zip     Mfc1     Mfc2     Compar  
 7Zip    0.000000 0.137195 0.118902 0.236280 
 Mfc1    0.137195 0.000000 0.027439 0.272866 
 Mfc2    0.118902 0.027439 0.000000 0.269817 
 Compar  0.236280 0.272866 0.269817 0.000000 


