compatibilityTable_LtoL
          7Zip     Mfc1     Mfc2     Compar  
 7Zip    0.000000 3.122995 2.951872 4.048128 
 Mfc1    3.122995 0.000000 0.705882 4.401070 
 Mfc2    2.951872 0.705882 0.000000 4.368984 
 Compar  4.048128 4.401070 4.368984 0.000000 


new_compatibilityTable_LtoL
          7Zip     Mfc1     Mfc2     Compar  
 7Zip    0.000000 0.195187 0.184492 0.253008 
 Mfc1    0.195187 0.000000 0.044118 0.275067 
 Mfc2    0.184492 0.044118 0.000000 0.273061 
 Compar  0.253008 0.275067 0.273061 0.000000 


