compatibilityTable_LtoL
          7Zip     Mfc1     Mfc2     Compar  
 7Zip    0.000000 2.974359 2.783883 4.135531 
 Mfc1    2.974359 0.000000 0.754579 4.758242 
 Mfc2    2.783883 0.754579 0.000000 4.670330 
 Compar  4.135531 4.758242 4.670330 0.000000 


new_compatibilityTable_LtoL
          7Zip     Mfc1     Mfc2     Compar  
 7Zip    0.000000 0.185897 0.173993 0.258471 
 Mfc1    0.185897 0.000000 0.047161 0.297390 
 Mfc2    0.173993 0.047161 0.000000 0.291896 
 Compar  0.258471 0.297390 0.291896 0.000000 


