compatibilityTable_LtoL
          7Zip     Mfc1     Mfc2     Compar  
 7Zip    0.000000 2.555556 2.380952 3.841270 
 Mfc1    2.555556 0.000000 0.698413 4.587302 
 Mfc2    2.380952 0.698413 0.000000 4.555555 
 Compar  3.841270 4.587302 4.555555 0.000000 


new_compatibilityTable_LtoL
          7Zip     Mfc1     Mfc2     Compar  
 7Zip    0.000000 0.159722 0.148810 0.240079 
 Mfc1    0.159722 0.000000 0.043651 0.286706 
 Mfc2    0.148810 0.043651 0.000000 0.284722 
 Compar  0.240079 0.286706 0.284722 0.000000 


