compatibilityTable_LtoL
          7Zip     Mfc1     Mfc2     Compar  
 7Zip    0.000000 2.996283 2.810409 4.167286 
 Mfc1    2.996283 0.000000 0.758364 4.784387 
 Mfc2    2.810409 0.758364 0.000000 4.702602 
 Compar  4.167286 4.784387 4.702602 0.000000 


new_compatibilityTable_LtoL
          7Zip     Mfc1     Mfc2     Compar  
 7Zip    0.000000 0.187268 0.175651 0.260455 
 Mfc1    0.187268 0.000000 0.047398 0.299024 
 Mfc2    0.175651 0.047398 0.000000 0.293913 
 Compar  0.260455 0.299024 0.293913 0.000000 


