compatibilityTable_LtoL
          7Zip     Mfc1     Mfc2     Compar  
 7Zip    0.000000 3.064327 2.888889 4.169590 
 Mfc1    3.064327 0.000000 0.713450 4.345029 
 Mfc2    2.888889 0.713450 0.000000 4.321638 
 Compar  4.169590 4.345029 4.321638 0.000000 


new_compatibilityTable_LtoL
          7Zip     Mfc1     Mfc2     Compar  
 7Zip    0.000000 0.191520 0.180556 0.260599 
 Mfc1    0.191520 0.000000 0.044591 0.271564 
 Mfc2    0.180556 0.044591 0.000000 0.270102 
 Compar  0.260599 0.271564 0.270102 0.000000 


