compatibilityTable_LtoL
          7Zip     Mfc1     Mfc2     Compar  
 7Zip    0.000000 2.905172 2.706897 4.034483 
 Mfc1    2.905172 0.000000 0.724138 4.482759 
 Mfc2    2.706897 0.724138 0.000000 4.431035 
 Compar  4.034483 4.482759 4.431035 0.000000 


new_compatibilityTable_LtoL
          7Zip     Mfc1     Mfc2     Compar  
 7Zip    0.000000 0.181573 0.169181 0.252155 
 Mfc1    0.181573 0.000000 0.045259 0.280172 
 Mfc2    0.169181 0.045259 0.000000 0.276940 
 Compar  0.252155 0.280172 0.276940 0.000000 


