compatibilityTable_LtoL
          7Zip     Mfc1     Mfc2     Compar  
 7Zip    0.000000 2.772727 2.590909 4.113636 
 Mfc1    2.772727 0.000000 0.659091 4.704545 
 Mfc2    2.590909 0.659091 0.000000 4.727273 
 Compar  4.113636 4.704545 4.727273 0.000000 


new_compatibilityTable_LtoL
          7Zip     Mfc1     Mfc2     Compar  
 7Zip    0.000000 0.173295 0.161932 0.257102 
 Mfc1    0.173295 0.000000 0.041193 0.294034 
 Mfc2    0.161932 0.041193 0.000000 0.295455 
 Compar  0.257102 0.294034 0.295455 0.000000 


