compatibilityTable_LtoL
          7Zip     Mfc1     Mfc2     Compar  
 7Zip    0.000000 2.788461 2.576923 4.019231 
 Mfc1    2.788461 0.000000 0.730769 4.750000 
 Mfc2    2.576923 0.730769 0.000000 4.711538 
 Compar  4.019231 4.750000 4.711538 0.000000 


new_compatibilityTable_LtoL
          7Zip     Mfc1     Mfc2     Compar  
 7Zip    0.000000 0.174279 0.161058 0.251202 
 Mfc1    0.174279 0.000000 0.045673 0.296875 
 Mfc2    0.161058 0.045673 0.000000 0.294471 
 Compar  0.251202 0.296875 0.294471 0.000000 


