compatibilityTable_LtoL
          7Zip     Mfc1     Mfc2     Compar  
 7Zip    0.000000 3.118279 2.935484 4.043011 
 Mfc1    3.118279 0.000000 0.698925 4.376344 
 Mfc2    2.935484 0.698925 0.000000 4.333333 
 Compar  4.043011 4.376344 4.333333 0.000000 


new_compatibilityTable_LtoL
          7Zip     Mfc1     Mfc2     Compar  
 7Zip    0.000000 0.194892 0.183468 0.252688 
 Mfc1    0.194892 0.000000 0.043683 0.273522 
 Mfc2    0.183468 0.043683 0.000000 0.270833 
 Compar  0.252688 0.273522 0.270833 0.000000 


