compatibilityTable_LtoL
          7Zip     Mfc1     Mfc2     Compar  
 7Zip    0.000000 2.346154 2.115385 3.538461 
 Mfc1    2.346154 0.000000 0.346154 4.461538 
 Mfc2    2.115385 0.346154 0.000000 4.423077 
 Compar  3.538461 4.461538 4.423077 0.000000 


new_compatibilityTable_LtoL
          7Zip     Mfc1     Mfc2     Compar  
 7Zip    0.000000 0.146635 0.132212 0.221154 
 Mfc1    0.146635 0.000000 0.021635 0.278846 
 Mfc2    0.132212 0.021635 0.000000 0.276442 
 Compar  0.221154 0.278846 0.276442 0.000000 


