compatibilityTable_LtoL
          7Zip     Mfc1     Mfc2     Compar  
 7Zip    0.000000 2.750000 2.550000 4.050000 
 Mfc1    2.750000 0.000000 0.550000 4.575000 
 Mfc2    2.550000 0.550000 0.000000 4.575000 
 Compar  4.050000 4.575000 4.575000 0.000000 


new_compatibilityTable_LtoL
          7Zip     Mfc1     Mfc2     Compar  
 7Zip    0.000000 0.171875 0.159375 0.253125 
 Mfc1    0.171875 0.000000 0.034375 0.285937 
 Mfc2    0.159375 0.034375 0.000000 0.285937 
 Compar  0.253125 0.285937 0.285937 0.000000 


