compatibilityTable_LtoL
          7Zip     Mfc1     Mfc2     Compar  
 7Zip    0.000000 2.701754 2.508772 4.052631 
 Mfc1    2.701754 0.000000 0.736842 4.754386 
 Mfc2    2.508772 0.736842 0.000000 4.719298 
 Compar  4.052631 4.754386 4.719298 0.000000 


new_compatibilityTable_LtoL
          7Zip     Mfc1     Mfc2     Compar  
 7Zip    0.000000 0.168860 0.156798 0.253289 
 Mfc1    0.168860 0.000000 0.046053 0.297149 
 Mfc2    0.156798 0.046053 0.000000 0.294956 
 Compar  0.253289 0.297149 0.294956 0.000000 


