compatibilityTable_LtoL
          7Zip     Mfc1     Mfc2     Compar  
 7Zip    0.000000 2.835165 2.637363 4.142857 
 Mfc1    2.835165 0.000000 0.659341 4.846154 
 Mfc2    2.637363 0.659341 0.000000 4.846154 
 Compar  4.142857 4.846154 4.846154 0.000000 


new_compatibilityTable_LtoL
          7Zip     Mfc1     Mfc2     Compar  
 7Zip    0.000000 0.177198 0.164835 0.258929 
 Mfc1    0.177198 0.000000 0.041209 0.302885 
 Mfc2    0.164835 0.041209 0.000000 0.302885 
 Compar  0.258929 0.302885 0.302885 0.000000 


