compatibilityTable_LtoL
          7Zip     Mfc1     Mfc2     Compar  
 7Zip    0.000000 2.217391 1.956522 3.695652 
 Mfc1    2.217391 0.000000 0.391304 4.434783 
 Mfc2    1.956522 0.391304 0.000000 4.391304 
 Compar  3.695652 4.434783 4.391304 0.000000 


new_compatibilityTable_LtoL
          7Zip     Mfc1     Mfc2     Compar  
 7Zip    0.000000 0.138587 0.122283 0.230978 
 Mfc1    0.138587 0.000000 0.024457 0.277174 
 Mfc2    0.122283 0.024457 0.000000 0.274457 
 Compar  0.230978 0.277174 0.274457 0.000000 


