compatibilityTable_LtoL
          7Zip     Mfc1     Mfc2     Compar  
 7Zip    0.000000 2.507042 2.309859 3.676056 
 Mfc1    2.507042 0.000000 0.450704 4.464789 
 Mfc2    2.309859 0.450704 0.000000 4.464789 
 Compar  3.676056 4.464789 4.464789 0.000000 


new_compatibilityTable_LtoL
          7Zip     Mfc1     Mfc2     Compar  
 7Zip    0.000000 0.156690 0.144366 0.229754 
 Mfc1    0.156690 0.000000 0.028169 0.279049 
 Mfc2    0.144366 0.028169 0.000000 0.279049 
 Compar  0.229754 0.279049 0.279049 0.000000 


