compatibilityTable_LtoL
          7Zip     Mfc1     Mfc2     Compar  
 7Zip    0.000000 2.832579 2.660634 3.986425 
 Mfc1    2.832579 0.000000 0.642534 4.366516 
 Mfc2    2.660634 0.642534 0.000000 4.348416 
 Compar  3.986425 4.366516 4.348416 0.000000 


new_compatibilityTable_LtoL
          7Zip     Mfc1     Mfc2     Compar  
 7Zip    0.000000 0.177036 0.166290 0.249152 
 Mfc1    0.177036 0.000000 0.040158 0.272907 
 Mfc2    0.166290 0.040158 0.000000 0.271776 
 Compar  0.249152 0.272907 0.271776 0.000000 


