compatibilityTable_LtoL
          7Zip     Mfc1     Mfc2     Compar  
 7Zip    0.000000 1.894737 1.368421 4.684210 
 Mfc1    1.894737 0.000000 0.526316 4.473684 
 Mfc2    1.368421 0.526316 0.000000 4.368421 
 Compar  4.684210 4.473684 4.368421 0.000000 


new_compatibilityTable_LtoL
          7Zip     Mfc1     Mfc2     Compar  
 7Zip    0.000000 0.118421 0.085526 0.292763 
 Mfc1    0.118421 0.000000 0.032895 0.279605 
 Mfc2    0.085526 0.032895 0.000000 0.273026 
 Compar  0.292763 0.279605 0.273026 0.000000 


