compatibilityTable_LtoL
          7Zip     Mfc1     Mfc2     Compar  
 7Zip    0.000000 2.523077 2.369231 3.584615 
 Mfc1    2.523077 0.000000 0.430769 4.507692 
 Mfc2    2.369231 0.430769 0.000000 4.507692 
 Compar  3.584615 4.507692 4.507692 0.000000 


new_compatibilityTable_LtoL
          7Zip     Mfc1     Mfc2     Compar  
 7Zip    0.000000 0.157692 0.148077 0.224038 
 Mfc1    0.157692 0.000000 0.026923 0.281731 
 Mfc2    0.148077 0.026923 0.000000 0.281731 
 Compar  0.224038 0.281731 0.281731 0.000000 


