compatibilityTable_LtoL
          7Zip     Mfc1     Mfc2     Compar  
 7Zip    0.000000 2.984127 2.809524 4.222222 
 Mfc1    2.984127 0.000000 0.738095 4.753968 
 Mfc2    2.809524 0.738095 0.000000 4.674603 
 Compar  4.222222 4.753968 4.674603 0.000000 


new_compatibilityTable_LtoL
          7Zip     Mfc1     Mfc2     Compar  
 7Zip    0.000000 0.186508 0.175595 0.263889 
 Mfc1    0.186508 0.000000 0.046131 0.297123 
 Mfc2    0.175595 0.046131 0.000000 0.292163 
 Compar  0.263889 0.297123 0.292163 0.000000 


