compatibilityTable_LtoL
          7Zip     Mfc1     Mfc2     Compar  
 7Zip    0.000000 2.943089 2.764228 4.227642 
 Mfc1    2.943089 0.000000 0.747967 4.715447 
 Mfc2    2.764228 0.747967 0.000000 4.634146 
 Compar  4.227642 4.715447 4.634146 0.000000 


new_compatibilityTable_LtoL
          7Zip     Mfc1     Mfc2     Compar  
 7Zip    0.000000 0.183943 0.172764 0.264228 
 Mfc1    0.183943 0.000000 0.046748 0.294715 
 Mfc2    0.172764 0.046748 0.000000 0.289634 
 Compar  0.264228 0.294715 0.289634 0.000000 


