compatibilityTable_LtoL
          7Zip     Mfc1     Mfc2     Compar  
 7Zip    0.000000 2.301887 2.075472 3.490566 
 Mfc1    2.301887 0.000000 0.339623 4.396226 
 Mfc2    2.075472 0.339623 0.000000 4.358490 
 Compar  3.490566 4.396226 4.358490 0.000000 


new_compatibilityTable_LtoL
          7Zip     Mfc1     Mfc2     Compar  
 7Zip    0.000000 0.143868 0.129717 0.218160 
 Mfc1    0.143868 0.000000 0.021226 0.274764 
 Mfc2    0.129717 0.021226 0.000000 0.272406 
 Compar  0.218160 0.274764 0.272406 0.000000 


