compatibilityTable_LtoL
          7Zip     Mfc1     Mfc2     Compar  
 7Zip    0.000000 2.840764 2.649682 4.044586 
 Mfc1    2.840764 0.000000 0.738854 4.363057 
 Mfc2    2.649682 0.738854 0.000000 4.324841 
 Compar  4.044586 4.363057 4.324841 0.000000 


new_compatibilityTable_LtoL
          7Zip     Mfc1     Mfc2     Compar  
 7Zip    0.000000 0.177548 0.165605 0.252787 
 Mfc1    0.177548 0.000000 0.046178 0.272691 
 Mfc2    0.165605 0.046178 0.000000 0.270303 
 Compar  0.252787 0.272691 0.270303 0.000000 


