compatibilityTable_LtoL
          7Zip     Mfc1     Mfc2     Compar  
 7Zip    0.000000 1.875000 1.562500 3.812500 
 Mfc1    1.875000 0.000000 0.437500 4.062500 
 Mfc2    1.562500 0.437500 0.000000 4.062500 
 Compar  3.812500 4.062500 4.062500 0.000000 


new_compatibilityTable_LtoL
          7Zip     Mfc1     Mfc2     Compar  
 7Zip    0.000000 0.117188 0.097656 0.238281 
 Mfc1    0.117188 0.000000 0.027344 0.253906 
 Mfc2    0.097656 0.027344 0.000000 0.253906 
 Compar  0.238281 0.253906 0.253906 0.000000 


