compatibilityTable_LtoL
          7Zip     Mfc1     Mfc2     Compar  
 7Zip    0.000000 2.672414 2.482759 4.034483 
 Mfc1    2.672414 0.000000 0.724138 4.741379 
 Mfc2    2.482759 0.724138 0.000000 4.706897 
 Compar  4.034483 4.741379 4.706897 0.000000 


new_compatibilityTable_LtoL
          7Zip     Mfc1     Mfc2     Compar  
 7Zip    0.000000 0.167026 0.155172 0.252155 
 Mfc1    0.167026 0.000000 0.045259 0.296336 
 Mfc2    0.155172 0.045259 0.000000 0.294181 
 Compar  0.252155 0.296336 0.294181 0.000000 


