compatibilityTable_LtoL
          7Zip     Mfc1     Mfc2     Compar  
 7Zip    0.000000 2.866359 2.691244 4.004608 
 Mfc1    2.866359 0.000000 0.654378 4.391705 
 Mfc2    2.691244 0.654378 0.000000 4.373272 
 Compar  4.004608 4.391705 4.373272 0.000000 


new_compatibilityTable_LtoL
          7Zip     Mfc1     Mfc2     Compar  
 7Zip    0.000000 0.179147 0.168203 0.250288 
 Mfc1    0.179147 0.000000 0.040899 0.274482 
 Mfc2    0.168203 0.040899 0.000000 0.273329 
 Compar  0.250288 0.274482 0.273329 0.000000 


