compatibilityTable_LtoL
          7Zip     Mfc1     Mfc2     Compar  
 7Zip    0.000000 2.769231 2.576923 3.961539 
 Mfc1    2.769231 0.000000 0.679487 4.282051 
 Mfc2    2.576923 0.679487 0.000000 4.269231 
 Compar  3.961539 4.282051 4.269231 0.000000 


new_compatibilityTable_LtoL
          7Zip     Mfc1     Mfc2     Compar  
 7Zip    0.000000 0.173077 0.161058 0.247596 
 Mfc1    0.173077 0.000000 0.042468 0.267628 
 Mfc2    0.161058 0.042468 0.000000 0.266827 
 Compar  0.247596 0.267628 0.266827 0.000000 


