compatibilityTable_LtoL
          7Zip     Mfc1     Mfc2     Compar  
 7Zip    0.000000 2.765432 2.567901 4.037037 
 Mfc1    2.765432 0.000000 0.543210 4.580247 
 Mfc2    2.567901 0.543210 0.000000 4.580247 
 Compar  4.037037 4.580247 4.580247 0.000000 


new_compatibilityTable_LtoL
          7Zip     Mfc1     Mfc2     Compar  
 7Zip    0.000000 0.172840 0.160494 0.252315 
 Mfc1    0.172840 0.000000 0.033951 0.286265 
 Mfc2    0.160494 0.033951 0.000000 0.286265 
 Compar  0.252315 0.286265 0.286265 0.000000 


