compatibilityTable_LtoL
          7Zip     Mfc1     Mfc2     Compar  
 7Zip    0.000000 3.041667 2.875000 4.072917 
 Mfc1    3.041667 0.000000 0.687500 4.416667 
 Mfc2    2.875000 0.687500 0.000000 4.385417 
 Compar  4.072917 4.416667 4.385417 0.000000 


new_compatibilityTable_LtoL
          7Zip     Mfc1     Mfc2     Compar  
 7Zip    0.000000 0.190104 0.179688 0.254557 
 Mfc1    0.190104 0.000000 0.042969 0.276042 
 Mfc2    0.179688 0.042969 0.000000 0.274089 
 Compar  0.254557 0.276042 0.274089 0.000000 


