compatibilityTable_LtoL
          7Zip     Mfc1     Mfc2     Compar  
 7Zip    0.000000 2.142857 1.857143 3.761905 
 Mfc1    2.142857 0.000000 0.428571 4.333333 
 Mfc2    1.857143 0.428571 0.000000 4.285714 
 Compar  3.761905 4.333333 4.285714 0.000000 


new_compatibilityTable_LtoL
          7Zip     Mfc1     Mfc2     Compar  
 7Zip    0.000000 0.133929 0.116071 0.235119 
 Mfc1    0.133929 0.000000 0.026786 0.270833 
 Mfc2    0.116071 0.026786 0.000000 0.267857 
 Compar  0.235119 0.270833 0.267857 0.000000 


