compatibilityTable_LtoL
          7Zip     Mfc1     Mfc2     Compar  
 7Zip    0.000000 2.858407 2.663717 3.991150 
 Mfc1    2.858407 0.000000 0.690265 4.424779 
 Mfc2    2.663717 0.690265 0.000000 4.389380 
 Compar  3.991150 4.424779 4.389380 0.000000 


new_compatibilityTable_LtoL
          7Zip     Mfc1     Mfc2     Compar  
 7Zip    0.000000 0.178650 0.166482 0.249447 
 Mfc1    0.178650 0.000000 0.043142 0.276549 
 Mfc2    0.166482 0.043142 0.000000 0.274336 
 Compar  0.249447 0.276549 0.274336 0.000000 


