compatibilityTable_LtoL
          7Zip     Mfc1     Mfc2     Compar  
 7Zip    0.000000 2.958678 2.760331 4.115703 
 Mfc1    2.958678 0.000000 0.719008 4.603306 
 Mfc2    2.760331 0.719008 0.000000 4.545455 
 Compar  4.115703 4.603306 4.545455 0.000000 


new_compatibilityTable_LtoL
          7Zip     Mfc1     Mfc2     Compar  
 7Zip    0.000000 0.184917 0.172521 0.257231 
 Mfc1    0.184917 0.000000 0.044938 0.287707 
 Mfc2    0.172521 0.044938 0.000000 0.284091 
 Compar  0.257231 0.287707 0.284091 0.000000 


