compatibilityTable_LtoL
          7Zip     Mfc1     Mfc2     Compar  
 7Zip    0.000000 2.771084 2.578313 3.987952 
 Mfc1    2.771084 0.000000 0.578313 4.542169 
 Mfc2    2.578313 0.578313 0.000000 4.542169 
 Compar  3.987952 4.542169 4.542169 0.000000 


new_compatibilityTable_LtoL
          7Zip     Mfc1     Mfc2     Compar  
 7Zip    0.000000 0.173193 0.161145 0.249247 
 Mfc1    0.173193 0.000000 0.036145 0.283886 
 Mfc2    0.161145 0.036145 0.000000 0.283886 
 Compar  0.249247 0.283886 0.283886 0.000000 


