compatibilityTable_LtoL
          7Zip     Mfc1     Mfc2     Compar  
 7Zip    0.000000 2.315789 2.140351 3.631579 
 Mfc1    2.315789 0.000000 0.385965 4.508772 
 Mfc2    2.140351 0.385965 0.000000 4.473684 
 Compar  3.631579 4.508772 4.473684 0.000000 


new_compatibilityTable_LtoL
          7Zip     Mfc1     Mfc2     Compar  
 7Zip    0.000000 0.144737 0.133772 0.226974 
 Mfc1    0.144737 0.000000 0.024123 0.281798 
 Mfc2    0.133772 0.024123 0.000000 0.279605 
 Compar  0.226974 0.281798 0.279605 0.000000 


