compatibilityTable_LtoL
          7Zip     Mfc1     Mfc2     Compar  
 7Zip    0.000000 2.803921 2.568627 4.039216 
 Mfc1    2.803921 0.000000 0.725490 4.764706 
 Mfc2    2.568627 0.725490 0.000000 4.745098 
 Compar  4.039216 4.764706 4.745098 0.000000 


new_compatibilityTable_LtoL
          7Zip     Mfc1     Mfc2     Compar  
 7Zip    0.000000 0.175245 0.160539 0.252451 
 Mfc1    0.175245 0.000000 0.045343 0.297794 
 Mfc2    0.160539 0.045343 0.000000 0.296569 
 Compar  0.252451 0.297794 0.296569 0.000000 


