compatibilityTable_LtoL
          7Zip     Mfc1     Mfc2     Compar  
 7Zip    0.000000 2.864629 2.663755 4.030568 
 Mfc1    2.864629 0.000000 0.724891 4.458515 
 Mfc2    2.663755 0.724891 0.000000 4.406114 
 Compar  4.030568 4.458515 4.406114 0.000000 


new_compatibilityTable_LtoL
          7Zip     Mfc1     Mfc2     Compar  
 7Zip    0.000000 0.179039 0.166485 0.251910 
 Mfc1    0.179039 0.000000 0.045306 0.278657 
 Mfc2    0.166485 0.045306 0.000000 0.275382 
 Compar  0.251910 0.278657 0.275382 0.000000 


