30
Y18475.1_Orycteropus_afer_complete_mitochondrial_genome 0.000000 0.239592 0.233700 0.222997 0.240279 0.289179 0.265613 0.288786 0.270670 0.288443 0.235762 0.299489 0.255499 0.218136 0.266005 0.247447 0.267724 0.233454 0.272732 0.291585 0.270768 0.225206 0.273714 0.237628 0.225795 0.239837 0.252749 0.266644 0.233209 0.231785
AJ224821.1_Loxodonta_africana_complete_mitochondrial_genomic 0.239592 0.000000 0.257119 0.249607 0.262274 0.309554 0.290161 0.310733 0.287068 0.306805 0.258641 0.322221 0.277003 0.215731 0.273026 0.270670 0.295611 0.260850 0.295611 0.322859 0.289326 0.246416 0.288590 0.259967 0.251718 0.260408 0.278525 0.286479 0.255941 0.253044
Y19184.1_Lama_pacos_complete_mitochondrial_genome 0.233700 0.257119 0.000000 0.197368 0.214159 0.285742 0.226581 0.293941 0.257070 0.286626 0.214601 0.272192 0.255253 0.236498 0.262667 0.244010 0.275039 0.215289 0.236155 0.268264 0.265073 0.200363 0.259967 0.185683 0.194717 0.237726 0.252553 0.255008 0.223390 0.222162
X97337.1_Equus_asinus_complete_mitochondrial_genome 0.222997 0.249607 0.197368 0.000000 0.199725 0.278329 0.226335 0.286675 0.244059 0.277838 0.197958 0.257364 0.249067 0.221229 0.259328 0.234682 0.262176 0.203260 0.231294 0.248723 0.258886 0.155391 0.252111 0.192655 0.068490 0.224224 0.245876 0.247005 0.211410 0.192852
AJ428576.2_Odobenus_rosmarus_rosmarus_complete_mitochondrial 0.240279 0.262274 0.214159 0.199725 0.000000 0.282158 0.244747 0.296985 0.267331 0.290897 0.199774 0.261930 0.261587 0.242341 0.269295 0.249313 0.283140 0.221278 0.253633 0.220444 0.268706 0.205420 0.270817 0.217694 0.199430 0.245336 0.255843 0.263943 0.231000 0.222309
AJ303116.1_Tachyglossus_aculeatus_complete_mitochondrial_gen 0.289179 0.309554 0.285742 0.278329 0.282158 0.000000 0.289179 0.305921 0.293941 0.291045 0.291781 0.319963 0.305136 0.295316 0.310831 0.281275 0.330469 0.289474 0.295022 0.314611 0.293451 0.282895 0.299784 0.276856 0.280194 0.298213 0.275432 0.292125 0.288786 0.287461
V00654.1_Bos_taurus_complete_mitochondrial_genome 0.265613 0.290161 0.226581 0.226335 0.244747 0.289179 0.000000 0.315348 0.270081 0.300717 0.244501 0.222064 0.280194 0.274156 0.286626 0.253388 0.310683 0.249853 0.179988 0.215338 0.274597 0.233896 0.276365 0.202622 0.224617 0.268264 0.259672 0.268804 0.252258 0.244747
AF357238.1_Trichosurus_vulpecula_mitochondrion__complete_gen 0.288786 0.310733 0.293941 0.286675 0.296985 0.305921 0.315348 0.000000 0.313875 0.198841 0.292861 0.347309 0.306510 0.300913 0.317213 0.293598 0.322123 0.288246 0.322908 0.345100 0.312500 0.282404 0.317066 0.291241 0.285791 0.292812 0.295169 0.308720 0.293843 0.290161
X99256.1_Hylobates_lar_complete_mitochondrial_DNA_sequence 0.270670 0.287068 0.257070 0.244059 0.267331 0.293941 0.270081 0.313875 0.000000 0.304448 0.266595 0.302042 0.278378 0.266055 0.303221 0.256923 0.305479 0.267822 0.274303 0.294383 0.280440 0.249067 0.190102 0.247103 0.244403 0.263207 0.264091 0.145375 0.268706 0.259328
Y10524.1_Macropus_robustus_complete_mitochondrial_genome 0.288443 0.306805 0.286626 0.277838 0.290897 0.291045 0.300717 0.198841 0.304448 0.000000 0.291192 0.334053 0.300029 0.294629 0.308032 0.286086 0.331157 0.292223 0.312893 0.331942 0.302484 0.278771 0.307885 0.281029 0.280342 0.297624 0.284564 0.301846 0.290554 0.285350
U96639.2_Canis_familiaris_mitochondrion__complete_genome 0.235762 0.258641 0.214601 0.197958 0.199774 0.291781 0.244501 0.292861 0.266595 0.291192 0.000000 0.256923 0.257070 0.240868 0.267331 0.243323 0.268804 0.218824 0.256481 0.245778 0.266398 0.201443 0.276021 0.217302 0.196239 0.235713 0.257070 0.267871 0.228790 0.222751
U20753.1_Felis_catus_mitochondrion__complete_genome 0.299489 0.322221 0.272192 0.257364 0.261930 0.319963 0.222064 0.347309 0.302042 0.334053 0.256923 0.000000 0.313826 0.301110 0.315642 0.278623 0.336361 0.276905 0.229772 0.189071 0.306117 0.259672 0.311223 0.255499 0.255892 0.296642 0.292910 0.301404 0.282306 0.273861
AJ222767.1_Cavia_porcellus_complete_mitochondrial_genome 0.255499 0.277003 0.255253 0.249067 0.261587 0.305136 0.280194 0.306510 0.278378 0.300029 0.257070 0.313826 0.000000 0.262618 0.277936 0.251080 0.288885 0.248233 0.285497 0.308032 0.261538 0.246121 0.284760 0.251817 0.250835 0.253486 0.268068 0.277592 0.256432 0.252111
AJ421723.1_Dugong_dugon_complete_mitochondrial_genome 0.218136 0.215731 0.236498 0.221229 0.242341 0.295316 0.274156 0.300913 0.266055 0.294629 0.240868 0.301110 0.262618 0.000000 0.270915 0.253240 0.274008 0.241703 0.280587 0.294236 0.279114 0.219658 0.275972 0.240623 0.225697 0.242930 0.262323 0.264042 0.245287 0.228790
AF348079.1_Echinosorex_gymnura_mitochondrion__complete_genom 0.266005 0.273026 0.262667 0.259328 0.269295 0.310831 0.286626 0.317213 0.303221 0.308032 0.267331 0.315642 0.277936 0.270915 0.000000 0.269737 0.305479 0.257610 0.298802 0.319963 0.291192 0.252308 0.304301 0.268313 0.261881 0.267822 0.277396 0.304006 0.258494 0.262863
AJ238588.1_Sciurus_vulgaris_complete_mitochondrial_genome 0.247447 0.270670 0.244010 0.234682 0.249313 0.281275 0.253388 0.293598 0.256923 0.286086 0.243323 0.278623 0.251080 0.253240 0.269737 0.000000 0.271603 0.243667 0.259377 0.277838 0.253830 0.232276 0.264876 0.230607 0.234191 0.241408 0.241261 0.254468 0.240672 0.242194
AJ421471.1_Lepus_europaeus_complete_mitochondrial_genome 0.267724 0.295611 0.275039 0.262176 0.283140 0.330469 0.310683 0.322123 0.305479 0.331157 0.268804 0.336361 0.288885 0.274008 0.305479 0.271603 0.000000 0.269000 0.317606 0.334888 0.307345 0.260703 0.311420 0.283729 0.267086 0.266742 0.288492 0.300029 0.274843 0.275874
Y19192.1_Talpa_europaea_complete_mitochondrial_genome 0.233454 0.260850 0.215289 0.203260 0.221278 0.289474 0.249853 0.288246 0.267822 0.292223 0.218824 0.276905 0.248233 0.241703 0.257610 0.243667 0.269000 0.000000 0.262618 0.277052 0.264974 0.203702 0.272830 0.225157 0.204733 0.236498 0.245827 0.266398 0.219118 0.214896
X61145.1_Balaenoptera_physalus_mitochondrial_complete_genome 0.272732 0.295611 0.236155 0.231294 0.253633 0.295022 0.179988 0.322908 0.274303 0.312893 0.256481 0.229772 0.285497 0.280587 0.298802 0.259377 0.317606 0.262618 0.000000 0.226041 0.277298 0.237628 0.275236 0.203751 0.228987 0.273861 0.271750 0.272781 0.259132 0.253486
X72004.1_Halichoerus_grypus_complete_mitochondrial_genome 0.291585 0.322859 0.268264 0.248723 0.220444 0.314611 0.215338 0.345100 0.294383 0.331942 0.245778 0.189071 0.308032 0.294236 0.319963 0.277838 0.334888 0.277052 0.226041 0.000000 0.301944 0.253928 0.305283 0.247300 0.246612 0.294089 0.287019 0.298458 0.281962 0.272044
AJ301644.1_Thryonomys_swinderianus_complete_mitochondrial_ge 0.270768 0.289326 0.265073 0.258886 0.268706 0.293451 0.274597 0.312500 0.280440 0.302484 0.266398 0.306117 0.261538 0.279114 0.291192 0.253830 0.307345 0.264974 0.277298 0.301944 0.000000 0.261538 0.285448 0.259819 0.259181 0.272683 0.253388 0.276365 0.266005 0.263305
X97336.1_Rhinoceros_unicornis_complete_mitochondrial_genome 0.225206 0.246416 0.200363 0.155391 0.205420 0.282895 0.233896 0.282404 0.249067 0.278771 0.201443 0.259672 0.246121 0.219658 0.252308 0.232276 0.260703 0.203702 0.237628 0.253928 0.261538 0.000000 0.255204 0.197565 0.154065 0.221328 0.245336 0.246023 0.213767 0.198350
Y18001.1_Papio_hamadryas_mitochondrial_DNA__complete_genome 0.273714 0.288590 0.259967 0.252111 0.270817 0.299784 0.276365 0.317066 0.190102 0.307885 0.276021 0.311223 0.284760 0.275972 0.304301 0.264876 0.311420 0.272830 0.275236 0.305283 0.285448 0.255204 0.000000 0.250982 0.250442 0.264042 0.268264 0.188826 0.273615 0.266496
AJ010957.1_Hippopotamus_amphibius_complete_mitochondrial_DNA 0.237628 0.259967 0.185683 0.192655 0.217694 0.276856 0.202622 0.291241 0.247103 0.281029 0.217302 0.255499 0.251817 0.240623 0.268313 0.230607 0.283729 0.225157 0.203751 0.247300 0.259819 0.197565 0.250982 0.000000 0.191722 0.238757 0.246367 0.245238 0.229527 0.217694
X79547.1_Equus_caballus_mitochondrial_DNA_complete_sequence 0.225795 0.251718 0.194717 0.068490 0.199430 0.280194 0.224617 0.285791 0.244403 0.280342 0.196239 0.255892 0.250835 0.225697 0.261881 0.234191 0.267086 0.204733 0.228987 0.246612 0.259181 0.154065 0.250442 0.191722 0.000000 0.226041 0.244207 0.246121 0.214159 0.197123
AF348159.1_Cephalopachus_bancanus_mitochondrion__complete_ge 0.239837 0.260408 0.237726 0.224224 0.245336 0.298213 0.268264 0.292812 0.263207 0.297624 0.235713 0.296642 0.253486 0.242930 0.267822 0.241408 0.266742 0.236498 0.273861 0.294089 0.272683 0.221328 0.264042 0.238757 0.226041 0.000000 0.256824 0.258199 0.243323 0.241801
J01420.1_Mouse_mitochondrion__complete_genome 0.252749 0.278525 0.252553 0.245876 0.255843 0.275432 0.259672 0.295169 0.264091 0.284564 0.257070 0.292910 0.268068 0.262323 0.277396 0.241261 0.288492 0.245827 0.271750 0.287019 0.253388 0.245336 0.268264 0.246367 0.244207 0.256824 0.000000 0.263403 0.249214 0.248674
X93334.1_Homo_sapiens_mitochondrial_DNA__complete_genome 0.266644 0.286479 0.255008 0.247005 0.263943 0.292125 0.268804 0.308720 0.145375 0.301846 0.267871 0.301404 0.277592 0.264042 0.304006 0.254468 0.300029 0.266398 0.272781 0.298458 0.276365 0.246023 0.188826 0.245238 0.246121 0.258199 0.263403 0.000000 0.265613 0.258690
AF061340.1_Artibeus_jamaicensis_mitochondrial_DNA__complete_ 0.233209 0.255941 0.223390 0.211410 0.231000 0.288786 0.252258 0.293843 0.268706 0.290554 0.228790 0.282306 0.256432 0.245287 0.258494 0.240672 0.274843 0.219118 0.259132 0.281962 0.266005 0.213767 0.273615 0.229527 0.214159 0.243323 0.249214 0.265613 0.000000 0.209593
AF321050.1_Pteropus_scapulatus_mitochondrial_DNA__complete_g 0.231785 0.253044 0.222162 0.192852 0.222309 0.287461 0.244747 0.290161 0.259328 0.285350 0.222751 0.273861 0.252111 0.228790 0.262863 0.242194 0.275874 0.214896 0.253486 0.272044 0.263305 0.198350 0.266496 0.217694 0.197123 0.241801 0.248674 0.258690 0.209593 0.000000
