compatibilityTable_LtoL
          PValue   MrBaye   7Zip     Mfc1     Mfc2    
 PValue  0.000000 26.000000 30.000000 34.000000 32.000000 
 MrBaye  26.000000 0.000000 14.000000 22.000000 24.000000 
 7Zip    30.000000 14.000000 0.000000 22.000000 26.000000 
 Mfc1    34.000000 22.000000 22.000000 0.000000 20.000000 
 Mfc2    32.000000 24.000000 26.000000 20.000000 0.000000 


new_compatibilityTable_LtoL
          PValue   MrBaye   7Zip     Mfc1     Mfc2    
 PValue  0.000000 0.481481 0.555556 0.629630 0.592593 
 MrBaye  0.481481 0.000000 0.259259 0.407407 0.444444 
 7Zip    0.555556 0.259259 0.000000 0.407407 0.481481 
 Mfc1    0.629630 0.407407 0.407407 0.000000 0.370370 
 Mfc2    0.592593 0.444444 0.481481 0.370370 0.000000 


