compatibilityTable_LtoL
          PValue   MrBaye   7Zip     Mfc1     Mfc2    
 PValue  0.000000 50.000000 48.000000 58.000000 60.000000 
 MrBaye  50.000000 0.000000 34.000000 36.000000 40.000000 
 7Zip    48.000000 34.000000 0.000000 42.000000 46.000000 
 Mfc1    58.000000 36.000000 42.000000 0.000000 30.000000 
 Mfc2    60.000000 40.000000 46.000000 30.000000 0.000000 


new_compatibilityTable_LtoL
          PValue   MrBaye   7Zip     Mfc1     Mfc2    
 PValue  0.000000 0.446429 0.428571 0.517857 0.535714 
 MrBaye  0.446429 0.000000 0.303571 0.321429 0.357143 
 7Zip    0.428571 0.303571 0.000000 0.375000 0.410714 
 Mfc1    0.517857 0.321429 0.375000 0.000000 0.267857 
 Mfc2    0.535714 0.357143 0.410714 0.267857 0.000000 


