16
Elephantulus_sp. 0.000000 0.281171 0.265293 0.257926 0.253775 0.255591 0.261713 0.243242 0.262803 0.263477 0.283194 0.273180 0.256628 0.329528 0.260364 0.264567
Pipistrellus_abramus 0.281171 0.000000 0.288902 0.265812 0.259586 0.253723 0.258237 0.250143 0.253100 0.247237 0.263685 0.252841 0.251232 0.327920 0.264567 0.265293
Eulemur_macaco_macaco 0.265293 0.288902 0.000000 0.267836 0.256784 0.255746 0.258289 0.249416 0.262595 0.261817 0.284595 0.271624 0.257044 0.335599 0.261402 0.268874
Ursus_arctos 0.257926 0.265812 0.267836 0.000000 0.230893 0.231204 0.237275 0.218804 0.236549 0.232242 0.257199 0.247548 0.225237 0.302288 0.234421 0.238883
Camelus_bactrianus 0.253775 0.259586 0.256784 0.230893 0.000000 0.233072 0.232450 0.208426 0.223992 0.220723 0.240648 0.232190 0.213719 0.290406 0.219063 0.223888
Urotrichus_talpoides 0.255591 0.253723 0.255746 0.231204 0.233072 0.000000 0.236860 0.225237 0.232242 0.229181 0.253567 0.242671 0.221813 0.303066 0.239143 0.241789
Rhinolophus_pumilus 0.261713 0.258237 0.258289 0.237275 0.232450 0.236860 0.000000 0.205157 0.230582 0.229129 0.249416 0.236549 0.229284 0.300368 0.227676 0.232865
Equus_przewalskii 0.243242 0.250143 0.249416 0.218804 0.208426 0.225237 0.205157 0.000000 0.206818 0.205002 0.224200 0.217299 0.200176 0.272246 0.199502 0.205313
Muntiacus_crinifrons 0.262803 0.253100 0.262595 0.236549 0.223992 0.232242 0.230582 0.206818 0.000000 0.108442 0.159342 0.146838 0.211280 0.261091 0.192186 0.188346
Mazama_gouazoupira 0.263477 0.247237 0.261817 0.232242 0.220723 0.229181 0.229129 0.205002 0.108442 0.000000 0.157059 0.147356 0.212110 0.262492 0.196908 0.191460
Oryx_dammah 0.283194 0.263685 0.284595 0.257199 0.240648 0.253567 0.249416 0.224200 0.159342 0.157059 0.000000 0.128418 0.230218 0.282727 0.207959 0.207492
Ovis_orientalis_ophion 0.273180 0.252841 0.271624 0.247548 0.232190 0.242671 0.236549 0.217299 0.146838 0.147356 0.128418 0.000000 0.216884 0.268770 0.199191 0.197063
Pecari_tajacu 0.256628 0.251232 0.257044 0.225237 0.213719 0.221813 0.229284 0.200176 0.211280 0.212110 0.230218 0.216884 0.000000 0.256369 0.208219 0.210761
Sus_celebensis 0.329528 0.327920 0.335599 0.302288 0.290406 0.303066 0.300368 0.272246 0.261091 0.262492 0.282727 0.268770 0.256369 0.000000 0.269081 0.264878
Hippopotamus_amphibius 0.260364 0.264567 0.261402 0.234421 0.219063 0.239143 0.227676 0.199502 0.192186 0.196908 0.207959 0.199191 0.208219 0.269081 0.000000 0.181653
Balaenoptera_acutorostrata 0.264567 0.265293 0.268874 0.238883 0.223888 0.241789 0.232865 0.205313 0.188346 0.191460 0.207492 0.197063 0.210761 0.264878 0.181653 0.000000
