114
AF499637_HEV_cva_13 0.000000 0.199650 0.510508 0.453152 0.454466 0.459282 0.460595 0.462347 0.515324 0.506130 0.505254 0.505692 0.513573 0.514010 0.514886 0.510508 0.508757 0.510946 0.518389 0.514010 0.515762 0.514448 0.508757 0.530210 0.531524 0.510508 0.515324 0.458844 0.455342 0.465849 0.527145 0.534151 0.527145 0.528021 0.510508 0.461471 0.516200 0.507443 0.507443 0.510070 0.509194 0.503940 0.504816 0.508319 0.505254 0.512259 0.463660 0.515762 0.514448 0.503065 0.510946 0.505692 0.510946 0.520140 0.510508 0.512259 0.507881 0.513135 0.456655 0.504816 0.504378 0.509194 0.507005 0.510508 0.505692 0.513573 0.512697 0.506567 0.519264 0.513573 0.504816 0.459720 0.513135 0.455342 0.509632 0.454466 0.515762 0.512697 0.510946 0.501751 0.454466 0.468914 0.508319 0.453590 0.510070 0.510946 0.503940 0.458844 0.454466 0.516638 0.510070 0.461909 0.503940 0.457968 0.513135 0.510508 0.507881 0.508757 0.510070 0.507881 0.503503 0.507881 0.506567 0.509632 0.500000 0.465412 0.462785 0.457968 0.509194 0.507443 0.457531 0.510946 0.155867 0.511821
AF546702_HEV_cva_21 0.199650 0.000000 0.518389 0.447898 0.445271 0.444834 0.448336 0.451401 0.517075 0.510946 0.514448 0.513135 0.515762 0.512697 0.517951 0.511384 0.510070 0.510946 0.517951 0.521891 0.519702 0.511384 0.511821 0.528897 0.521454 0.507881 0.515324 0.446585 0.447461 0.448336 0.519702 0.530648 0.522329 0.517951 0.509632 0.454904 0.517075 0.510070 0.509194 0.512697 0.511384 0.508319 0.509194 0.511384 0.508757 0.516638 0.452715 0.518389 0.516200 0.510508 0.514886 0.507443 0.507443 0.524081 0.514886 0.514886 0.509632 0.517951 0.446147 0.510508 0.510946 0.508757 0.511384 0.508757 0.510070 0.517513 0.515762 0.507005 0.519264 0.515324 0.508319 0.445271 0.517951 0.440893 0.509194 0.450963 0.513573 0.514448 0.513135 0.507443 0.443958 0.457531 0.508319 0.446147 0.512259 0.512259 0.505692 0.445271 0.447898 0.517513 0.512697 0.448336 0.509632 0.448336 0.516638 0.512697 0.511384 0.510508 0.511821 0.512259 0.507443 0.509194 0.513573 0.513135 0.504816 0.447461 0.453152 0.447023 0.513573 0.510508 0.449212 0.515762 0.192644 0.514886
AY751783_A_hrv_39 0.510508 0.518389 0.000000 0.481611 0.474168 0.479860 0.478984 0.482925 0.161559 0.163748 0.167250 0.158932 0.141856 0.142732 0.151051 0.117338 0.245184 0.242995 0.258319 0.267075 0.263135 0.172067 0.158056 0.458406 0.465849 0.153678 0.259632 0.478984 0.479422 0.477671 0.458844 0.463660 0.464098 0.454904 0.154116 0.478546 0.316550 0.172942 0.172067 0.158494 0.159807 0.148862 0.166375 0.147986 0.172942 0.150613 0.480298 0.151051 0.153678 0.170315 0.152364 0.128284 0.168126 0.316988 0.150175 0.142294 0.148424 0.276270 0.479422 0.127846 0.123030 0.119527 0.147110 0.244746 0.156305 0.165499 0.154553 0.119965 0.275394 0.142294 0.169877 0.480298 0.277583 0.479422 0.140543 0.482925 0.267951 0.161559 0.160683 0.173818 0.487303 0.473292 0.125657 0.479422 0.247373 0.248249 0.150613 0.479422 0.485114 0.316550 0.163748 0.475482 0.126532 0.478546 0.130473 0.246935 0.177758 0.128722 0.140543 0.152364 0.171191 0.151926 0.241243 0.248249 0.170315 0.471979 0.481611 0.480736 0.146673 0.151051 0.481173 0.165061 0.515762 0.143170
DQ473485_B_hrv_03 0.453152 0.447898 0.481611 0.000000 0.103765 0.172504 0.172504 0.221541 0.480298 0.480736 0.480298 0.478546 0.487741 0.487303 0.486865 0.481173 0.482487 0.482487 0.481173 0.482925 0.486427 0.481173 0.490806 0.508757 0.500438 0.484238 0.477671 0.176007 0.105079 0.224606 0.505254 0.502627 0.515324 0.502627 0.478984 0.226357 0.489492 0.481611 0.481611 0.481611 0.480736 0.486865 0.484238 0.491243 0.480736 0.483800 0.221979 0.486865 0.489054 0.478984 0.485552 0.487303 0.482049 0.489930 0.485114 0.486865 0.490806 0.487303 0.172504 0.480736 0.481173 0.485552 0.482049 0.481611 0.489054 0.485989 0.486427 0.479860 0.487303 0.483363 0.476357 0.177320 0.486865 0.123468 0.485114 0.105954 0.480736 0.479422 0.479860 0.482925 0.109895 0.231173 0.485552 0.132224 0.485114 0.485552 0.484238 0.176883 0.113398 0.489054 0.477671 0.215849 0.480298 0.219352 0.484676 0.480736 0.481173 0.482487 0.488179 0.486865 0.480736 0.486427 0.484676 0.485114 0.480736 0.223730 0.112522 0.172942 0.490368 0.483800 0.109457 0.477671 0.454466 0.487741
DQ473486_B_hrv_06 0.454466 0.445271 0.474168 0.103765 0.000000 0.175569 0.164186 0.221103 0.472855 0.477671 0.478546 0.475044 0.484238 0.485552 0.480298 0.474606 0.476357 0.474168 0.468914 0.478546 0.481611 0.474168 0.484676 0.506130 0.494308 0.476795 0.469352 0.169002 0.054729 0.222417 0.500876 0.498687 0.510946 0.496935 0.470665 0.226357 0.485114 0.476357 0.475919 0.480298 0.477671 0.479422 0.479422 0.481173 0.474168 0.480298 0.218914 0.481611 0.481173 0.475919 0.479860 0.476357 0.475482 0.485114 0.482049 0.482925 0.480736 0.482049 0.168126 0.476795 0.478109 0.481173 0.475044 0.475482 0.484238 0.480298 0.482925 0.475482 0.484676 0.479422 0.472417 0.175131 0.482925 0.107268 0.480298 0.099825 0.473730 0.472855 0.474168 0.475482 0.109019 0.225482 0.474606 0.127846 0.475919 0.475919 0.477233 0.169440 0.103327 0.485552 0.471979 0.219352 0.475919 0.222855 0.473730 0.475919 0.476357 0.474168 0.483363 0.482925 0.476795 0.480298 0.478984 0.477671 0.473292 0.223292 0.106830 0.169002 0.482049 0.476357 0.101576 0.476357 0.457093 0.482487
DQ473488_B_hrv_48 0.459282 0.444834 0.479860 0.172504 0.175569 0.000000 0.080998 0.216287 0.478546 0.478546 0.482487 0.480736 0.489492 0.484238 0.490806 0.479860 0.481173 0.482049 0.478546 0.485114 0.485989 0.483363 0.485989 0.510070 0.503065 0.482925 0.476357 0.079685 0.174256 0.222417 0.509632 0.501751 0.514448 0.506567 0.478109 0.214974 0.487741 0.483363 0.483363 0.480298 0.476795 0.485989 0.484238 0.491681 0.483800 0.490368 0.219790 0.490368 0.490368 0.480736 0.485989 0.481173 0.484238 0.488179 0.485552 0.489054 0.486427 0.485552 0.075744 0.479422 0.478546 0.479860 0.484676 0.483363 0.485552 0.482487 0.490368 0.476795 0.489492 0.483800 0.478109 0.079247 0.485114 0.174694 0.483363 0.178196 0.484238 0.481173 0.480298 0.481173 0.183450 0.230736 0.479422 0.170753 0.483800 0.483800 0.483363 0.084063 0.172942 0.487741 0.477233 0.220665 0.478109 0.210595 0.483363 0.482049 0.483363 0.483800 0.484676 0.486427 0.482925 0.487741 0.483800 0.484676 0.483363 0.226795 0.182574 0.074869 0.486865 0.486427 0.169002 0.478546 0.454028 0.486865
DQ473489_B_hrv_70 0.460595 0.448336 0.478984 0.172504 0.164186 0.080998 0.000000 0.216287 0.478109 0.476795 0.482925 0.480736 0.485989 0.486865 0.489492 0.477671 0.482487 0.478109 0.477233 0.485989 0.483363 0.480298 0.486865 0.508319 0.503065 0.482925 0.474606 0.029772 0.167250 0.223730 0.504816 0.506130 0.514886 0.503503 0.476795 0.216725 0.488616 0.481611 0.481611 0.480736 0.477233 0.485114 0.485989 0.490368 0.483800 0.488179 0.218039 0.490368 0.490368 0.479422 0.485114 0.482487 0.482487 0.485552 0.489930 0.488616 0.487741 0.489930 0.070490 0.482487 0.482487 0.480298 0.484676 0.479860 0.486427 0.482049 0.487741 0.475044 0.489054 0.483800 0.472855 0.070490 0.486427 0.172504 0.483363 0.172504 0.480736 0.477671 0.477233 0.483800 0.176007 0.230736 0.481173 0.164186 0.482049 0.481173 0.479422 0.038091 0.167250 0.488616 0.476795 0.218476 0.482487 0.213660 0.481611 0.481611 0.481611 0.482925 0.488179 0.485114 0.483800 0.486865 0.478546 0.480736 0.485989 0.224606 0.175131 0.069177 0.486427 0.483363 0.172067 0.476357 0.457968 0.485552
DQ473490_B_hrv_04 0.462347 0.451401 0.482925 0.221541 0.221103 0.216287 0.216287 0.000000 0.471541 0.469352 0.479860 0.474168 0.486865 0.484238 0.482049 0.477233 0.472417 0.473730 0.475919 0.485552 0.485552 0.478546 0.484238 0.512259 0.505692 0.479860 0.467601 0.217601 0.230298 0.156305 0.513573 0.506567 0.517513 0.512259 0.473730 0.095884 0.486865 0.473730 0.473730 0.471979 0.469790 0.479860 0.480298 0.487741 0.476795 0.485552 0.103765 0.483800 0.483363 0.476357 0.484676 0.474606 0.478109 0.485989 0.482049 0.486427 0.487303 0.482049 0.209720 0.478109 0.478109 0.478984 0.483800 0.476357 0.478546 0.477233 0.488616 0.474606 0.482487 0.477233 0.473292 0.215412 0.483800 0.218476 0.480298 0.224606 0.478546 0.474606 0.475919 0.479422 0.230736 0.164186 0.475044 0.216287 0.476795 0.476357 0.482925 0.215849 0.228984 0.486427 0.474168 0.149299 0.478109 0.097198 0.479422 0.473292 0.473730 0.475919 0.485989 0.480736 0.474606 0.485114 0.476795 0.477233 0.476357 0.154991 0.229422 0.214536 0.485989 0.483363 0.220665 0.479860 0.462347 0.486427
DQ473491_A_hrv_41 0.515324 0.517075 0.161559 0.480298 0.472855 0.478546 0.478109 0.471541 0.000000 0.084063 0.152802 0.150175 0.179072 0.182574 0.180385 0.170753 0.242119 0.241681 0.265762 0.262697 0.267951 0.149299 0.167250 0.458844 0.469790 0.157618 0.267513 0.477233 0.475919 0.473730 0.456655 0.468476 0.467163 0.455779 0.169002 0.471541 0.322680 0.144483 0.144046 0.065674 0.067426 0.158932 0.142732 0.163310 0.140105 0.176007 0.473292 0.182574 0.176445 0.143170 0.162434 0.166375 0.147548 0.318301 0.175131 0.178196 0.157180 0.271016 0.471979 0.163748 0.161996 0.163310 0.155429 0.239054 0.158056 0.093257 0.179510 0.166813 0.268827 0.174256 0.147110 0.474168 0.274518 0.473730 0.170315 0.483363 0.261384 0.167688 0.168564 0.147548 0.480736 0.471103 0.167250 0.475044 0.245184 0.245622 0.158494 0.479422 0.478109 0.322242 0.088004 0.470228 0.166813 0.469790 0.167250 0.240806 0.146235 0.166813 0.177758 0.153240 0.141419 0.163310 0.245622 0.243433 0.142732 0.468476 0.479422 0.473730 0.161121 0.158932 0.475044 0.170315 0.516638 0.185201
DQ473492_A_hrv_73 0.506130 0.510946 0.163748 0.480736 0.477671 0.478546 0.476795 0.469352 0.084063 0.000000 0.139229 0.136165 0.178634 0.176445 0.176883 0.169877 0.237303 0.242995 0.257005 0.259632 0.257881 0.142294 0.164186 0.459282 0.468914 0.155867 0.266637 0.477233 0.477671 0.471979 0.458844 0.466287 0.464536 0.456217 0.156743 0.471979 0.319177 0.139667 0.139229 0.058669 0.060858 0.154991 0.134413 0.157618 0.138792 0.175131 0.473292 0.177758 0.179947 0.136165 0.158056 0.165061 0.135727 0.318301 0.174256 0.175569 0.155429 0.272767 0.470228 0.162434 0.161559 0.165937 0.150613 0.235989 0.153240 0.094133 0.176445 0.165937 0.271016 0.175131 0.138792 0.471103 0.274956 0.475482 0.173380 0.482925 0.257881 0.165061 0.163748 0.140981 0.478984 0.467163 0.166375 0.475044 0.242119 0.242557 0.152364 0.478546 0.479422 0.318739 0.088879 0.469352 0.164186 0.471541 0.163748 0.239492 0.140543 0.167250 0.175131 0.147986 0.134851 0.158056 0.247811 0.242995 0.140981 0.464536 0.481173 0.472417 0.154553 0.155429 0.478109 0.165061 0.513135 0.179947
DQ473493_A_hrv_15 0.505254 0.514448 0.167250 0.480298 0.478546 0.482487 0.482925 0.479860 0.152802 0.139229 0.000000 0.069615 0.180823 0.178196 0.179510 0.167688 0.234238 0.242995 0.259194 0.255692 0.259194 0.138792 0.150613 0.467163 0.471103 0.153678 0.264448 0.482925 0.477671 0.477671 0.463222 0.472855 0.471541 0.463660 0.161121 0.478546 0.318739 0.113398 0.112960 0.144483 0.147110 0.150175 0.120403 0.149737 0.121278 0.183450 0.476795 0.182574 0.179947 0.107706 0.156305 0.164186 0.129597 0.318739 0.174256 0.182137 0.151051 0.263573 0.476795 0.172942 0.168564 0.167250 0.152364 0.236865 0.126532 0.144483 0.185639 0.167688 0.264011 0.172942 0.110333 0.478546 0.266637 0.475482 0.167688 0.485552 0.257443 0.168126 0.165499 0.125657 0.484238 0.478109 0.160245 0.470228 0.242119 0.242557 0.151489 0.482487 0.482049 0.317863 0.133100 0.478109 0.168564 0.481611 0.165499 0.233800 0.112960 0.169002 0.176445 0.117776 0.124781 0.154553 0.238179 0.242557 0.126970 0.477233 0.480736 0.480298 0.152802 0.152364 0.476357 0.167688 0.510070 0.180823
DQ473494_A_hrv_74 0.505692 0.513135 0.158932 0.478546 0.475044 0.480736 0.480736 0.474168 0.150175 0.136165 0.069615 0.000000 0.178196 0.173380 0.173380 0.159370 0.236865 0.238179 0.260946 0.255254 0.260070 0.131349 0.144921 0.464098 0.469352 0.145797 0.258757 0.483363 0.476357 0.479860 0.460595 0.474168 0.467601 0.458406 0.155429 0.475919 0.317426 0.104203 0.103765 0.138792 0.140543 0.145797 0.106830 0.140981 0.112522 0.179072 0.478109 0.173818 0.176007 0.102890 0.148424 0.158494 0.121278 0.320490 0.169877 0.178196 0.141856 0.261821 0.475482 0.163310 0.163310 0.165061 0.138354 0.236865 0.118651 0.137478 0.183888 0.162872 0.264011 0.171191 0.102014 0.478984 0.267075 0.472855 0.163310 0.484238 0.260508 0.161559 0.160245 0.122154 0.479860 0.473292 0.155429 0.473730 0.238179 0.239054 0.140981 0.480298 0.478109 0.316988 0.130911 0.477233 0.161996 0.476795 0.159370 0.235989 0.105517 0.164186 0.172504 0.110771 0.115587 0.150175 0.231611 0.241243 0.119527 0.476795 0.477671 0.478109 0.146235 0.146673 0.473730 0.162434 0.511384 0.179947
DQ473496_A_hrv_49 0.513573 0.515762 0.141856 0.487741 0.484238 0.489492 0.485989 0.486865 0.179072 0.178634 0.180823 0.178196 0.000000 0.071366 0.183888 0.175569 0.258319 0.267075 0.278021 0.279772 0.281086 0.185639 0.170753 0.459720 0.474606 0.168564 0.290280 0.485552 0.485114 0.483800 0.465849 0.468039 0.467601 0.463222 0.178634 0.483363 0.330998 0.180385 0.179510 0.180385 0.182137 0.162872 0.182137 0.161559 0.183888 0.181261 0.484676 0.185201 0.185201 0.177758 0.172067 0.174694 0.176883 0.334939 0.185639 0.027583 0.154991 0.291156 0.487741 0.179072 0.174694 0.182574 0.165499 0.260508 0.172067 0.172942 0.184326 0.180385 0.286778 0.185201 0.184764 0.486865 0.284151 0.486865 0.183450 0.489492 0.281086 0.184764 0.185201 0.185201 0.490806 0.479860 0.165937 0.482487 0.271016 0.271016 0.158056 0.486865 0.489930 0.330998 0.175569 0.481611 0.175569 0.484238 0.172067 0.260070 0.184764 0.177758 0.074431 0.168564 0.182137 0.172504 0.272767 0.270140 0.180823 0.482049 0.485552 0.489492 0.158494 0.161559 0.485114 0.193082 0.516200 0.052102
DQ473497_A_hrv_23 0.514010 0.512697 0.142732 0.487303 0.485552 0.484238 0.486865 0.484238 0.182574 0.176445 0.178196 0.173380 0.071366 0.000000 0.175569 0.172942 0.260508 0.270578 0.284151 0.283275 0.284151 0.184326 0.167688 0.464974 0.473730 0.165499 0.290718 0.485552 0.483800 0.485552 0.469352 0.473730 0.466725 0.465849 0.182137 0.480298 0.325744 0.179947 0.179072 0.179072 0.181699 0.164623 0.181261 0.161121 0.183450 0.176883 0.481611 0.176883 0.177758 0.181261 0.171191 0.172942 0.177758 0.336690 0.178634 0.077496 0.157180 0.287215 0.479860 0.176007 0.171629 0.180385 0.163310 0.265762 0.172942 0.176445 0.180823 0.176007 0.286340 0.177320 0.179510 0.484238 0.280648 0.487303 0.179072 0.489054 0.281524 0.186077 0.187391 0.182137 0.489054 0.482487 0.167250 0.483800 0.275394 0.276270 0.158056 0.485552 0.489930 0.325744 0.175131 0.485552 0.172067 0.481611 0.169002 0.261821 0.183888 0.171191 0.048599 0.171629 0.178196 0.171629 0.272329 0.274956 0.177758 0.480736 0.485114 0.480736 0.158056 0.166375 0.485114 0.190455 0.520140 0.080123
DQ473499_A_hrv_44 0.514886 0.517951 0.151051 0.486865 0.480298 0.490806 0.489492 0.482049 0.180385 0.176883 0.179510 0.173380 0.183888 0.175569 0.000000 0.133538 0.248687 0.257005 0.273205 0.278021 0.271016 0.177320 0.146673 0.464974 0.469790 0.150175 0.278021 0.489054 0.480736 0.480736 0.466287 0.476357 0.468476 0.464974 0.161121 0.482487 0.325744 0.181261 0.180823 0.173818 0.173818 0.131349 0.182574 0.139229 0.184326 0.076620 0.484676 0.022767 0.103327 0.180823 0.155867 0.120841 0.172942 0.324869 0.102452 0.180385 0.130035 0.286340 0.484676 0.123905 0.121278 0.119527 0.142294 0.255692 0.161121 0.176883 0.083187 0.119965 0.281086 0.115587 0.181699 0.489492 0.287215 0.485989 0.115149 0.488616 0.277145 0.172942 0.173818 0.182137 0.489054 0.477671 0.120841 0.484676 0.259194 0.259194 0.138792 0.489930 0.489492 0.325744 0.175131 0.481173 0.121278 0.484238 0.101138 0.253940 0.184326 0.101576 0.182137 0.157180 0.179510 0.153240 0.250000 0.261384 0.179947 0.478109 0.483800 0.485989 0.131349 0.137478 0.485114 0.177758 0.521891 0.189142
DQ473500_A_hrv_59 0.510508 0.511384 0.117338 0.481173 0.474606 0.479860 0.477671 0.477233 0.170753 0.169877 0.167688 0.159370 0.175569 0.172942 0.133538 0.000000 0.239930 0.246060 0.262259 0.269264 0.261821 0.167688 0.137478 0.459720 0.468476 0.134413 0.262697 0.477671 0.476795 0.475482 0.458844 0.466725 0.462347 0.457093 0.155867 0.476357 0.313047 0.166375 0.165937 0.166813 0.167250 0.128722 0.169877 0.127408 0.174256 0.129597 0.478109 0.135727 0.132224 0.167688 0.135727 0.098074 0.159807 0.313923 0.126532 0.173380 0.130911 0.272329 0.474168 0.101138 0.100701 0.091506 0.128284 0.244746 0.153678 0.163310 0.131786 0.067426 0.268827 0.120403 0.164623 0.475919 0.277145 0.474606 0.114273 0.481173 0.270140 0.155429 0.154553 0.169877 0.485114 0.471979 0.093695 0.472855 0.247373 0.247373 0.125657 0.479422 0.483800 0.313047 0.162434 0.478109 0.098949 0.476357 0.106830 0.242557 0.168564 0.108144 0.171629 0.150613 0.169002 0.133975 0.242557 0.249562 0.171191 0.471541 0.478984 0.476795 0.129597 0.130473 0.475482 0.155867 0.516200 0.176007
DQ473504_A_hrv_88 0.508757 0.510070 0.245184 0.482487 0.476357 0.481173 0.482487 0.472417 0.242119 0.237303 0.234238 0.236865 0.258319 0.260508 0.248687 0.239930 0.000000 0.088004 0.257005 0.262697 0.262259 0.248249 0.232925 0.464974 0.466287 0.233800 0.260946 0.481173 0.480298 0.480298 0.460595 0.465849 0.468039 0.458406 0.231611 0.474606 0.311296 0.235989 0.235114 0.239492 0.239492 0.235989 0.238616 0.238616 0.237303 0.252189 0.481611 0.250000 0.244308 0.238616 0.235552 0.237303 0.238616 0.312172 0.248687 0.257443 0.234238 0.267075 0.475482 0.243433 0.242557 0.237303 0.232049 0.084939 0.241681 0.248249 0.255254 0.236865 0.263573 0.240806 0.237303 0.478546 0.266637 0.475044 0.242557 0.482049 0.255254 0.232049 0.233363 0.237741 0.481173 0.471979 0.237303 0.476795 0.083187 0.083625 0.236427 0.481611 0.482049 0.311296 0.242557 0.478109 0.242995 0.473292 0.237741 0.071366 0.238179 0.232925 0.255692 0.237741 0.236865 0.233800 0.244308 0.085377 0.236427 0.478984 0.479860 0.474606 0.239930 0.231611 0.476357 0.234238 0.513573 0.256567
DQ473505_A_hrv_36 0.510946 0.510946 0.242995 0.482487 0.474168 0.482049 0.478109 0.473730 0.241681 0.242995 0.242995 0.238179 0.267075 0.270578 0.257005 0.246060 0.088004 0.000000 0.264448 0.270140 0.268827 0.248687 0.234238 0.467601 0.461909 0.239492 0.268827 0.478546 0.481173 0.478109 0.465849 0.471103 0.473292 0.464536 0.236865 0.475044 0.315674 0.237741 0.238179 0.246935 0.246060 0.241681 0.242119 0.238179 0.236865 0.257881 0.480298 0.260508 0.249562 0.239054 0.240368 0.241243 0.241243 0.321366 0.252189 0.265324 0.238179 0.270140 0.476795 0.242995 0.245184 0.242119 0.234238 0.055166 0.242995 0.248687 0.257005 0.242557 0.269264 0.250000 0.239054 0.477233 0.274081 0.475919 0.243433 0.482925 0.263573 0.235552 0.237303 0.238616 0.478546 0.471103 0.242119 0.478546 0.042469 0.041594 0.237741 0.477233 0.480736 0.315236 0.242557 0.471541 0.246497 0.476357 0.244746 0.100701 0.241681 0.240368 0.267513 0.239492 0.239492 0.240368 0.245184 0.041594 0.233800 0.471541 0.481173 0.475919 0.239054 0.230298 0.475919 0.240806 0.515324 0.264448
DQ473506_A_hrv_46 0.518389 0.517951 0.258319 0.481173 0.468914 0.478546 0.477233 0.475919 0.265762 0.257005 0.259194 0.260946 0.278021 0.284151 0.273205 0.262259 0.257005 0.264448 0.000000 0.101138 0.137478 0.269264 0.260946 0.456655 0.459282 0.255254 0.230736 0.477671 0.470228 0.476795 0.454904 0.461471 0.458406 0.454028 0.265762 0.478546 0.292907 0.265324 0.264448 0.260508 0.258757 0.257881 0.257443 0.261384 0.262259 0.276708 0.478109 0.274081 0.267951 0.266200 0.257005 0.260508 0.260508 0.293345 0.269702 0.277145 0.257881 0.164623 0.475919 0.262697 0.260070 0.264886 0.254378 0.265762 0.255254 0.264011 0.276708 0.262697 0.161559 0.267513 0.261821 0.476357 0.165061 0.474606 0.268827 0.482487 0.123905 0.258757 0.264011 0.256567 0.481611 0.467601 0.260070 0.470228 0.267075 0.267513 0.255254 0.479422 0.479860 0.291594 0.261384 0.472417 0.259632 0.476357 0.259632 0.268389 0.267951 0.260508 0.279335 0.250438 0.257881 0.256567 0.232925 0.268827 0.258319 0.470665 0.472855 0.473730 0.258319 0.258319 0.479860 0.258757 0.520578 0.277145
DQ473507_A_hrv_53 0.514010 0.521891 0.267075 0.482925 0.478546 0.485114 0.485989 0.485552 0.262697 0.259632 0.255692 0.255254 0.279772 0.283275 0.278021 0.269264 0.262697 0.270140 0.101138 0.000000 0.096760 0.262697 0.262259 0.464974 0.464974 0.257005 0.238179 0.486427 0.479422 0.479860 0.461033 0.465412 0.465412 0.461909 0.269702 0.485552 0.304291 0.257881 0.257005 0.260946 0.259632 0.255254 0.255254 0.255692 0.259632 0.282399 0.485114 0.278021 0.270578 0.262259 0.258757 0.260946 0.259632 0.299912 0.270140 0.279772 0.256567 0.161559 0.485552 0.261384 0.260508 0.265762 0.255254 0.269264 0.258757 0.261384 0.283275 0.266637 0.159807 0.265324 0.262259 0.486427 0.164623 0.481611 0.266200 0.487303 0.157180 0.257005 0.263573 0.254816 0.485552 0.474606 0.260070 0.480298 0.271454 0.271891 0.258319 0.486427 0.485114 0.303415 0.257005 0.476357 0.260946 0.482925 0.258319 0.272329 0.261384 0.261384 0.279772 0.254816 0.261384 0.260508 0.233800 0.271891 0.258319 0.474168 0.481173 0.484676 0.258319 0.262697 0.483800 0.260946 0.517951 0.281524
DQ473508_A_hrv_28 0.515762 0.519702 0.263135 0.486427 0.481611 0.485989 0.483363 0.485552 0.267951 0.257881 0.259194 0.260070 0.281086 0.284151 0.271016 0.261821 0.262259 0.268827 0.137478 0.096760 0.000000 0.268389 0.263135 0.463222 0.461033 0.259194 0.239930 0.483800 0.480736 0.482487 0.456655 0.463660 0.464974 0.457093 0.264448 0.484676 0.305166 0.261821 0.261384 0.263573 0.262259 0.256130 0.262697 0.258757 0.263135 0.276708 0.482487 0.273205 0.267075 0.266200 0.263135 0.260946 0.261384 0.300788 0.268827 0.280648 0.259632 0.155867 0.484238 0.258757 0.257005 0.263573 0.255692 0.269702 0.262697 0.268827 0.275832 0.260508 0.151051 0.261384 0.263573 0.484238 0.158056 0.483363 0.258319 0.485552 0.163310 0.260946 0.262697 0.256567 0.489054 0.478984 0.259632 0.481611 0.263135 0.263135 0.259194 0.485114 0.488616 0.303415 0.265324 0.477671 0.259194 0.482925 0.251751 0.267951 0.266200 0.259194 0.282399 0.255254 0.259632 0.261384 0.237741 0.267513 0.260070 0.479422 0.483363 0.484676 0.256130 0.258319 0.482925 0.263573 0.519264 0.281524
DQ473510_A_hrv_75 0.514448 0.511384 0.172067 0.481173 0.474168 0.483363 0.480298 0.478546 0.149299 0.142294 0.138792 0.131349 0.185639 0.184326 0.177320 0.167688 0.248249 0.248687 0.269264 0.262697 0.268389 0.000000 0.161996 0.471979 0.469352 0.156305 0.267513 0.480736 0.473730 0.476795 0.468039 0.475482 0.470228 0.465412 0.164623 0.475482 0.318301 0.140543 0.139667 0.142732 0.141419 0.148862 0.133538 0.157180 0.145359 0.176007 0.478984 0.177320 0.177320 0.135727 0.162434 0.165061 0.081874 0.322242 0.175131 0.187828 0.147548 0.272329 0.473730 0.171191 0.170315 0.169002 0.154991 0.241243 0.148862 0.151051 0.179072 0.163748 0.272767 0.175569 0.140105 0.476357 0.274518 0.477233 0.167250 0.485114 0.268389 0.170753 0.167688 0.144046 0.480736 0.477671 0.160683 0.471979 0.251751 0.252627 0.155429 0.479860 0.483800 0.317863 0.144483 0.474606 0.172067 0.478109 0.168126 0.249562 0.141419 0.166375 0.179072 0.147548 0.141856 0.156743 0.240368 0.252627 0.146235 0.473292 0.478109 0.474606 0.150613 0.153678 0.476795 0.172504 0.517075 0.190018
DQ473511_A_hrv_55 0.508757 0.511821 0.158056 0.490806 0.484676 0.485989 0.486865 0.484238 0.167250 0.164186 0.150613 0.144921 0.170753 0.167688 0.146673 0.137478 0.232925 0.234238 0.260946 0.262259 0.263135 0.161996 0.000000 0.464098 0.464098 0.110771 0.264011 0.486865 0.487741 0.485989 0.463660 0.472417 0.470228 0.459282 0.154553 0.483800 0.323117 0.154553 0.154991 0.167688 0.166813 0.106830 0.149299 0.081436 0.160683 0.146235 0.486865 0.144921 0.149737 0.154553 0.118651 0.126532 0.153678 0.323993 0.147110 0.168564 0.094571 0.274081 0.482487 0.131349 0.128284 0.124781 0.079247 0.240368 0.139229 0.164186 0.146673 0.127408 0.267951 0.137916 0.157618 0.480736 0.271891 0.484676 0.137040 0.491243 0.260946 0.155867 0.154991 0.161559 0.491243 0.478984 0.129159 0.480298 0.239492 0.239492 0.097198 0.486865 0.490368 0.322242 0.157618 0.482487 0.127846 0.484676 0.126970 0.240368 0.158056 0.130473 0.169440 0.131349 0.159370 0.114273 0.240368 0.240806 0.164186 0.483800 0.489054 0.484676 0.097198 0.105079 0.482049 0.161559 0.511821 0.175569
EF077279_C_nat001 0.530210 0.528897 0.458406 0.508757 0.506130 0.510070 0.508319 0.512259 0.458844 0.459282 0.467163 0.464098 0.459720 0.464974 0.464974 0.459720 0.464974 0.467601 0.456655 0.464974 0.463222 0.471979 0.464098 0.000000 0.313485 0.468039 0.457093 0.509632 0.507881 0.512259 0.089755 0.299475 0.299037 0.086690 0.466725 0.514010 0.468476 0.461909 0.462347 0.461471 0.459720 0.464536 0.470228 0.464098 0.462347 0.465849 0.511821 0.464536 0.462347 0.461471 0.468914 0.459282 0.462347 0.468476 0.466725 0.459720 0.460595 0.459720 0.511821 0.457093 0.455779 0.461909 0.464536 0.468476 0.464536 0.459282 0.468914 0.459282 0.457968 0.461471 0.464098 0.509632 0.460595 0.509194 0.461033 0.513135 0.461033 0.457531 0.457093 0.462347 0.509632 0.509632 0.459720 0.508319 0.464536 0.464974 0.464974 0.508757 0.506130 0.468039 0.458406 0.509632 0.455342 0.507005 0.459720 0.466725 0.462785 0.461909 0.459282 0.461033 0.460595 0.468914 0.462785 0.466725 0.461909 0.509194 0.508319 0.508319 0.464098 0.460158 0.509194 0.458406 0.530210 0.460158
EF077280_C_nat045 0.531524 0.521454 0.465849 0.500438 0.494308 0.503065 0.503065 0.505692 0.469790 0.468914 0.471103 0.469352 0.474606 0.473730 0.469790 0.468476 0.466287 0.461909 0.459282 0.464974 0.461033 0.469352 0.464098 0.313485 0.000000 0.469790 0.468476 0.503503 0.496935 0.509632 0.316988 0.282837 0.316988 0.318739 0.464098 0.497811 0.467601 0.476357 0.475482 0.471979 0.470228 0.466287 0.475482 0.468476 0.470228 0.469352 0.501314 0.468476 0.463222 0.471103 0.471103 0.468039 0.466725 0.468039 0.463660 0.475044 0.462347 0.466287 0.502189 0.463222 0.463660 0.465849 0.466725 0.464974 0.467601 0.469790 0.472417 0.462785 0.464974 0.470665 0.470228 0.501751 0.468039 0.498249 0.466725 0.504378 0.459282 0.465412 0.464536 0.469790 0.505692 0.503065 0.466287 0.495184 0.465412 0.465849 0.463222 0.505254 0.502627 0.466725 0.466287 0.503940 0.462347 0.503940 0.464098 0.467601 0.475919 0.464974 0.468914 0.468914 0.472855 0.468914 0.467601 0.466287 0.472417 0.505254 0.505692 0.501751 0.464974 0.467601 0.497811 0.464536 0.521891 0.474606
EF173414_A_hrv_11 0.510508 0.507881 0.153678 0.484238 0.476795 0.482925 0.482925 0.479860 0.157618 0.155867 0.153678 0.145797 0.168564 0.165499 0.150175 0.134413 0.233800 0.239492 0.255254 0.257005 0.259194 0.156305 0.110771 0.468039 0.469790 0.000000 0.265762 0.484676 0.478546 0.482487 0.466725 0.468476 0.462785 0.464536 0.154553 0.475482 0.319177 0.153240 0.152364 0.158494 0.158494 0.115149 0.151051 0.108144 0.158932 0.151926 0.479860 0.153678 0.156743 0.150175 0.066112 0.130911 0.146673 0.319615 0.152802 0.163748 0.108581 0.271891 0.476357 0.135727 0.133100 0.137916 0.107706 0.235989 0.143608 0.152364 0.154991 0.134413 0.267513 0.140981 0.150175 0.481173 0.267951 0.477233 0.141419 0.485989 0.260508 0.157180 0.158932 0.151926 0.484238 0.476795 0.130035 0.474168 0.242995 0.242995 0.092820 0.483363 0.486427 0.318739 0.147986 0.478109 0.133538 0.477671 0.135289 0.234676 0.155867 0.138354 0.166375 0.134851 0.156743 0.058669 0.241243 0.244308 0.157180 0.477671 0.481611 0.480298 0.108581 0.104203 0.481173 0.165061 0.511384 0.170753
EF173415_A_hrv_12 0.515324 0.515324 0.259632 0.477671 0.469352 0.476357 0.474606 0.467601 0.267513 0.266637 0.264448 0.258757 0.290280 0.290718 0.278021 0.262697 0.260946 0.268827 0.230736 0.238179 0.239930 0.267513 0.264011 0.457093 0.468476 0.265762 0.000000 0.475044 0.470228 0.475044 0.458844 0.462785 0.463222 0.454904 0.266200 0.469352 0.301664 0.265762 0.265324 0.268827 0.266637 0.263573 0.262259 0.264011 0.268827 0.281524 0.471103 0.278021 0.276270 0.264448 0.267951 0.265324 0.270578 0.299912 0.278897 0.288091 0.265762 0.239930 0.468914 0.263573 0.264448 0.261821 0.263573 0.271016 0.267951 0.269702 0.281961 0.264448 0.238616 0.271016 0.263135 0.473730 0.245622 0.469352 0.269702 0.475482 0.228546 0.257443 0.257005 0.269702 0.479860 0.468914 0.269264 0.470228 0.269702 0.270140 0.267951 0.473730 0.477671 0.299475 0.265762 0.469352 0.266200 0.467601 0.267075 0.264448 0.266637 0.275394 0.285464 0.265324 0.264886 0.265762 0.221979 0.271891 0.265762 0.469352 0.475919 0.470665 0.266200 0.262259 0.477671 0.261384 0.517513 0.289842
EF173420_B_hrv_17 0.458844 0.446585 0.478984 0.176007 0.169002 0.079685 0.029772 0.217601 0.477233 0.477233 0.482925 0.483363 0.485552 0.485552 0.489054 0.477671 0.481173 0.478546 0.477671 0.486427 0.483800 0.480736 0.486865 0.509632 0.503503 0.484676 0.475044 0.000000 0.169440 0.225044 0.505254 0.504378 0.514448 0.501751 0.475919 0.217601 0.489930 0.481611 0.481611 0.481173 0.477671 0.484676 0.484238 0.489492 0.483800 0.485552 0.218039 0.489930 0.488179 0.480298 0.485989 0.481173 0.482925 0.487741 0.487303 0.488179 0.487303 0.489492 0.068739 0.479860 0.480736 0.480298 0.485114 0.479422 0.487741 0.484238 0.487303 0.473730 0.488179 0.482487 0.473292 0.068301 0.486865 0.173818 0.480736 0.172504 0.479422 0.478109 0.477671 0.481173 0.179072 0.229422 0.481173 0.168126 0.482049 0.481611 0.479860 0.042469 0.170315 0.489930 0.478546 0.219352 0.480298 0.215849 0.482049 0.480736 0.481611 0.482487 0.486427 0.486865 0.482925 0.487741 0.479860 0.480736 0.484676 0.225482 0.174256 0.069177 0.486427 0.483800 0.174256 0.476795 0.457531 0.484238
EF173423_B_hrv_37 0.455342 0.447461 0.479422 0.105079 0.054729 0.174256 0.167250 0.230298 0.475919 0.477671 0.477671 0.476357 0.485114 0.483800 0.480736 0.476795 0.480298 0.481173 0.470228 0.479422 0.480736 0.473730 0.487741 0.507881 0.496935 0.478546 0.470228 0.169440 0.000000 0.225044 0.501751 0.499124 0.513135 0.500000 0.471541 0.228546 0.488179 0.477233 0.476795 0.480298 0.478109 0.481611 0.481173 0.486427 0.477233 0.480736 0.221103 0.481173 0.479422 0.474168 0.482925 0.478546 0.478984 0.489054 0.482049 0.485114 0.482925 0.482925 0.169440 0.478109 0.478546 0.482925 0.477671 0.479860 0.485552 0.481611 0.482049 0.477671 0.484676 0.478109 0.471541 0.173818 0.484676 0.104203 0.478984 0.097636 0.473292 0.475482 0.476357 0.478109 0.110333 0.229860 0.476795 0.125657 0.482049 0.482487 0.480298 0.176883 0.100701 0.488179 0.473730 0.225044 0.475482 0.223292 0.475919 0.481611 0.478109 0.477233 0.483363 0.484676 0.478546 0.481611 0.478546 0.484676 0.476357 0.230736 0.098949 0.168564 0.484238 0.480298 0.101138 0.478109 0.459720 0.486865
EF173425_B_hrv_93 0.465849 0.448336 0.477671 0.224606 0.222417 0.222417 0.223730 0.156305 0.473730 0.471979 0.477671 0.479860 0.483800 0.485552 0.480736 0.475482 0.480298 0.478109 0.476795 0.479860 0.482487 0.476795 0.485989 0.512259 0.509632 0.482487 0.475044 0.225044 0.225044 0.000000 0.506567 0.510070 0.521454 0.504816 0.477233 0.148862 0.485552 0.478109 0.477233 0.477233 0.476357 0.482925 0.484238 0.483800 0.476795 0.479860 0.149299 0.482049 0.485114 0.476795 0.482487 0.479860 0.478984 0.485989 0.484238 0.484238 0.486427 0.482049 0.220228 0.480736 0.481611 0.478109 0.480298 0.476357 0.481173 0.478546 0.481611 0.477671 0.484238 0.477671 0.475919 0.224606 0.480736 0.225044 0.480298 0.232925 0.478984 0.476795 0.476795 0.476795 0.234238 0.133100 0.477233 0.223730 0.479422 0.478984 0.484238 0.222855 0.228984 0.485552 0.471541 0.063485 0.479422 0.150613 0.478984 0.477671 0.477233 0.475482 0.482487 0.478984 0.478984 0.484238 0.478546 0.481173 0.478109 0.056918 0.235552 0.221979 0.485989 0.480736 0.227233 0.481173 0.463222 0.483363
EF186077_C_qpm 0.527145 0.519702 0.458844 0.505254 0.500876 0.509632 0.504816 0.513573 0.456655 0.458844 0.463222 0.460595 0.465849 0.469352 0.466287 0.458844 0.460595 0.465849 0.454904 0.461033 0.456655 0.468039 0.463660 0.089755 0.316988 0.466725 0.458844 0.505254 0.501751 0.506567 0.000000 0.303853 0.293345 0.046410 0.467163 0.512259 0.469790 0.459282 0.459720 0.458844 0.457531 0.464098 0.468476 0.465412 0.460595 0.467601 0.508319 0.465849 0.460595 0.462347 0.468039 0.462347 0.461909 0.470665 0.466725 0.464974 0.460158 0.460595 0.509632 0.458844 0.458406 0.461471 0.460158 0.466725 0.462785 0.461471 0.468914 0.458406 0.457093 0.458406 0.462347 0.506567 0.459282 0.505692 0.460595 0.512697 0.459282 0.459720 0.459720 0.459282 0.508757 0.511821 0.459720 0.504816 0.460595 0.461033 0.461033 0.504816 0.504816 0.468914 0.460158 0.507005 0.458844 0.505254 0.460158 0.464098 0.462785 0.459720 0.462785 0.459282 0.462347 0.470665 0.459720 0.464536 0.460595 0.504816 0.503503 0.506567 0.465412 0.459720 0.506130 0.461471 0.528459 0.464974
EF582385_C_c024 0.534151 0.530648 0.463660 0.502627 0.498687 0.501751 0.506130 0.506567 0.468476 0.466287 0.472855 0.474168 0.468039 0.473730 0.476357 0.466725 0.465849 0.471103 0.461471 0.465412 0.463660 0.475482 0.472417 0.299475 0.282837 0.468476 0.462785 0.504378 0.499124 0.510070 0.303853 0.000000 0.297723 0.301226 0.471103 0.503503 0.475044 0.466725 0.466287 0.469790 0.468914 0.469352 0.478546 0.472855 0.471103 0.478109 0.505692 0.476357 0.471103 0.469790 0.467601 0.471979 0.469790 0.472417 0.473292 0.468476 0.464536 0.461471 0.506130 0.468039 0.468914 0.468914 0.471541 0.471979 0.474168 0.473730 0.480736 0.466725 0.467163 0.471979 0.469790 0.504816 0.461909 0.503065 0.469352 0.509632 0.464536 0.465849 0.467163 0.469790 0.503940 0.502189 0.468039 0.504816 0.468476 0.469352 0.466287 0.501751 0.503940 0.475044 0.472417 0.504816 0.467601 0.500876 0.468039 0.470228 0.464974 0.468476 0.470665 0.475919 0.471541 0.471103 0.472417 0.470665 0.468476 0.505692 0.509194 0.503940 0.466725 0.469352 0.499124 0.465849 0.532837 0.471103
EF582386_C_c025 0.527145 0.522329 0.464098 0.515324 0.510946 0.514448 0.514886 0.517513 0.467163 0.464536 0.471541 0.467601 0.467601 0.466725 0.468476 0.462347 0.468039 0.473292 0.458406 0.465412 0.464974 0.470228 0.470228 0.299037 0.316988 0.462785 0.463222 0.514448 0.513135 0.521454 0.293345 0.297723 0.000000 0.294658 0.469790 0.519264 0.469352 0.466725 0.466287 0.465412 0.463222 0.462785 0.471103 0.466725 0.465412 0.466287 0.516200 0.469790 0.467163 0.464974 0.466287 0.464098 0.467163 0.472417 0.470665 0.465849 0.461909 0.458406 0.510070 0.463660 0.462347 0.464974 0.465849 0.471541 0.467163 0.466287 0.468914 0.465412 0.467163 0.461909 0.465849 0.509194 0.464098 0.516638 0.462347 0.523205 0.459720 0.464098 0.463660 0.466287 0.522767 0.514448 0.461909 0.513135 0.470228 0.471541 0.460158 0.514010 0.518389 0.468476 0.465412 0.517513 0.465412 0.516638 0.466725 0.468914 0.467163 0.464098 0.461033 0.466287 0.464098 0.464536 0.471103 0.471103 0.461471 0.517075 0.519702 0.509632 0.461471 0.463660 0.516200 0.463222 0.518827 0.464536
EF582387_C_c026 0.528021 0.517951 0.454904 0.502627 0.496935 0.506567 0.503503 0.512259 0.455779 0.456217 0.463660 0.458406 0.463222 0.465849 0.464974 0.457093 0.458406 0.464536 0.454028 0.461909 0.457093 0.465412 0.459282 0.086690 0.318739 0.464536 0.454904 0.501751 0.500000 0.504816 0.046410 0.301226 0.294658 0.000000 0.464098 0.507443 0.464974 0.456217 0.456655 0.458406 0.456655 0.461033 0.464536 0.461471 0.460158 0.464974 0.504378 0.464974 0.459282 0.458406 0.465412 0.461471 0.458844 0.467601 0.463660 0.464536 0.457093 0.455342 0.506567 0.457531 0.457093 0.460158 0.456217 0.462785 0.461033 0.454904 0.467601 0.457093 0.453590 0.461909 0.458844 0.503065 0.457531 0.500000 0.459282 0.510070 0.457093 0.459720 0.458844 0.457968 0.504816 0.505692 0.458406 0.501314 0.460158 0.460595 0.458844 0.502627 0.503940 0.464098 0.456217 0.502189 0.456655 0.503065 0.461033 0.462785 0.458406 0.460595 0.457968 0.460595 0.459720 0.466287 0.458406 0.463222 0.459720 0.499562 0.500438 0.503065 0.461471 0.458406 0.502627 0.461033 0.528459 0.462785
FJ445111_A_hrv_01 0.510508 0.509632 0.154116 0.478984 0.470665 0.478109 0.476795 0.473730 0.169002 0.156743 0.161121 0.155429 0.178634 0.182137 0.161121 0.155867 0.231611 0.236865 0.265762 0.269702 0.264448 0.164623 0.154553 0.466725 0.464098 0.154553 0.266200 0.475919 0.471541 0.477233 0.467163 0.471103 0.469790 0.464098 0.000000 0.477671 0.321804 0.165061 0.164186 0.158494 0.159807 0.152364 0.165937 0.151926 0.171191 0.161996 0.477671 0.160683 0.161121 0.160245 0.157180 0.148862 0.158932 0.318301 0.160245 0.175569 0.154116 0.278459 0.474168 0.149737 0.147548 0.154553 0.152364 0.237741 0.162434 0.167688 0.161559 0.147548 0.275832 0.158056 0.160683 0.473292 0.274956 0.473292 0.156743 0.481611 0.265324 0.134851 0.134851 0.169877 0.482925 0.466725 0.149737 0.466725 0.241681 0.242119 0.153240 0.479860 0.482487 0.321366 0.164186 0.472417 0.149299 0.478546 0.147110 0.233363 0.165937 0.153678 0.180823 0.155867 0.165499 0.158932 0.238616 0.241681 0.167688 0.474168 0.472855 0.477233 0.145797 0.153678 0.476795 0.143170 0.511384 0.184764
FJ445112_B_hrv_05 0.461471 0.454904 0.478546 0.226357 0.226357 0.214974 0.216725 0.095884 0.471541 0.471979 0.478546 0.475919 0.483363 0.480298 0.482487 0.476357 0.474606 0.475044 0.478546 0.485552 0.484676 0.475482 0.483800 0.514010 0.497811 0.475482 0.469352 0.217601 0.228546 0.148862 0.512259 0.503503 0.519264 0.507443 0.477671 0.000000 0.480736 0.474606 0.474168 0.474168 0.472855 0.482487 0.481611 0.482049 0.475044 0.482925 0.081874 0.485989 0.480736 0.473730 0.477671 0.476357 0.475482 0.485114 0.481611 0.482925 0.481173 0.484676 0.209720 0.478546 0.479422 0.479422 0.480298 0.475044 0.479422 0.471979 0.485552 0.472855 0.485114 0.477233 0.471541 0.213660 0.483800 0.216725 0.478109 0.223730 0.477671 0.475044 0.474168 0.476795 0.232049 0.158932 0.478984 0.219790 0.475919 0.475482 0.481611 0.214098 0.225919 0.480736 0.470228 0.145359 0.476795 0.073555 0.477671 0.471103 0.474168 0.478546 0.483800 0.476795 0.475919 0.479422 0.479860 0.476795 0.476795 0.153678 0.230736 0.216725 0.480736 0.482049 0.220228 0.477233 0.460158 0.483363
FJ445113_A_hrv_08 0.516200 0.517075 0.316550 0.489492 0.485114 0.487741 0.488616 0.486865 0.322680 0.319177 0.318739 0.317426 0.330998 0.325744 0.325744 0.313047 0.311296 0.315674 0.292907 0.304291 0.305166 0.318301 0.323117 0.468476 0.467601 0.319177 0.301664 0.489930 0.488179 0.485552 0.469790 0.475044 0.469352 0.464974 0.321804 0.480736 0.000000 0.313047 0.313047 0.323117 0.320490 0.315236 0.321366 0.316550 0.324869 0.326620 0.483363 0.328809 0.324431 0.318739 0.322680 0.313485 0.319177 0.127408 0.327933 0.330560 0.314799 0.312609 0.484676 0.314799 0.315674 0.318739 0.313047 0.316550 0.318301 0.319177 0.322680 0.316550 0.310858 0.315674 0.312609 0.486427 0.310420 0.487741 0.316112 0.493433 0.302539 0.314361 0.315236 0.315674 0.493870 0.485989 0.314361 0.485552 0.315236 0.316550 0.315236 0.489492 0.494308 0.004378 0.317863 0.484238 0.316988 0.479860 0.316112 0.318301 0.316988 0.316550 0.325306 0.311734 0.319177 0.319615 0.302102 0.319177 0.320928 0.479422 0.490368 0.483800 0.313923 0.316550 0.489054 0.320053 0.516200 0.325744
FJ445114_A_hrv_09_f01 0.507443 0.510070 0.172942 0.481611 0.476357 0.483363 0.481611 0.473730 0.144483 0.139667 0.113398 0.104203 0.180385 0.179947 0.181261 0.166375 0.235989 0.237741 0.265324 0.257881 0.261821 0.140543 0.154553 0.461909 0.476357 0.153240 0.265762 0.481611 0.477233 0.478109 0.459282 0.466725 0.466725 0.456217 0.165061 0.474606 0.313047 0.000000 0.000876 0.144046 0.144046 0.149299 0.123468 0.145797 0.126970 0.183450 0.478984 0.180823 0.179072 0.052539 0.158056 0.164623 0.130473 0.318739 0.178634 0.178196 0.147548 0.266637 0.479422 0.174256 0.170315 0.172504 0.144483 0.234676 0.130473 0.138354 0.185201 0.171629 0.266637 0.170753 0.058669 0.479422 0.271454 0.478546 0.172067 0.484676 0.262697 0.166813 0.169002 0.126970 0.482487 0.476795 0.161121 0.475919 0.239054 0.239054 0.148424 0.481611 0.484676 0.312172 0.131786 0.472855 0.169002 0.478984 0.169002 0.232925 0.020140 0.169440 0.179072 0.122592 0.127846 0.157180 0.244746 0.237303 0.126970 0.472417 0.482487 0.479422 0.147110 0.152364 0.475482 0.176007 0.514448 0.183012
