11
1 0.000000 0.188329 0.156499 0.167109 0.156085 0.167109 0.156499 0.166667 0.188329 0.155673 0.150794
2 0.188329 0.000000 0.079576 0.068966 0.079365 0.092838 0.079576 0.092593 0.092838 0.084433 0.082011
3 0.156499 0.079576 0.000000 0.047745 0.037037 0.047745 0.037135 0.047619 0.068966 0.042216 0.037037
4 0.167109 0.068966 0.047745 0.000000 0.047619 0.058355 0.047745 0.058201 0.058355 0.052770 0.047619
5 0.156085 0.079365 0.037037 0.047619 0.000000 0.047619 0.037037 0.044974 0.068783 0.039578 0.034392
6 0.167109 0.090186 0.047745 0.058355 0.047619 0.000000 0.047745 0.058201 0.079576 0.052770 0.047619
7 0.156499 0.079576 0.037135 0.047745 0.037037 0.047745 0.000000 0.047619 0.068966 0.042216 0.037037
8 0.166667 0.089947 0.047619 0.058201 0.044974 0.058201 0.047619 0.000000 0.079365 0.050132 0.044974
9 0.188329 0.090186 0.068966 0.058355 0.068783 0.079576 0.068966 0.079365 0.000000 0.073879 0.068783
10 0.155673 0.084433 0.042216 0.052770 0.039578 0.052770 0.042216 0.050132 0.073879 0.000000 0.034301
11 0.153439 0.082011 0.039683 0.050265 0.037037 0.050265 0.039683 0.047619 0.071429 0.036939 0.000000
