16
Equus_przewalskii 0.000000 0.180615 0.176568 0.200021 0.167125 0.174441 0.192601 0.191615 0.176931 0.186945 0.204275 0.170082 0.163493 0.176568 0.246770 0.183002
Ursus_arctos 0.180615 0.000000 0.187205 0.207700 0.194780 0.197375 0.199761 0.215431 0.198257 0.211124 0.212785 0.194417 0.181964 0.196441 0.271624 0.186478
Camelus_bactrianus 0.176568 0.187205 0.000000 0.207337 0.186323 0.190474 0.199242 0.207700 0.191667 0.200851 0.210035 0.190993 0.176672 0.189903 0.265968 0.187983
Eulemur_macaco_macaco 0.200021 0.207700 0.207337 0.000000 0.211591 0.217247 0.209568 0.232086 0.216417 0.225082 0.225601 0.200643 0.201941 0.213822 0.298449 0.199191
Hippopotamus_amphibius 0.167125 0.194780 0.186323 0.211591 0.000000 0.154309 0.207337 0.178644 0.164790 0.171535 0.215379 0.190214 0.175531 0.168163 0.244435 0.194832
Balaenoptera_acutorostrata 0.174441 0.197375 0.190474 0.217247 0.154309 0.000000 0.210035 0.175634 0.157734 0.165724 0.216572 0.196077 0.177295 0.161625 0.239091 0.197426
Elephantulus_sp. 0.192601 0.199761 0.199242 0.209568 0.207337 0.210035 0.000000 0.229907 0.211280 0.223058 0.216365 0.202823 0.199761 0.211332 0.282520 0.198412
Oryx_dammah 0.191615 0.215431 0.207700 0.232086 0.178644 0.175634 0.229907 0.000000 0.140196 0.112385 0.212888 0.210917 0.194158 0.138328 0.260105 0.211643
Muntiacus_crinifrons 0.176931 0.198257 0.191667 0.216417 0.164790 0.157734 0.211280 0.140196 0.000000 0.129767 0.206195 0.196129 0.179837 0.098324 0.237171 0.190370
Ovis_orientalis_ophion 0.186945 0.211124 0.200851 0.225082 0.171535 0.165724 0.223058 0.112385 0.129767 0.000000 0.201992 0.201422 0.184870 0.130078 0.246614 0.201785
Pipistrellus_abramus 0.204275 0.212785 0.210035 0.225601 0.215379 0.216572 0.216365 0.212888 0.206195 0.201992 0.000000 0.207129 0.200125 0.202044 0.291081 0.201266
Rhinolophus_pumilus 0.170082 0.194417 0.190993 0.200643 0.190214 0.196077 0.202823 0.210917 0.196129 0.201422 0.207129 0.000000 0.186478 0.196804 0.271675 0.191875
Pecari_tajacu 0.163493 0.181964 0.176672 0.201941 0.175531 0.177295 0.199761 0.194158 0.179837 0.184870 0.200125 0.186478 0.000000 0.180719 0.240803 0.178021
Mazama_gouazoupira 0.176568 0.196441 0.189903 0.213822 0.168163 0.161625 0.211332 0.138328 0.098324 0.130078 0.202044 0.196804 0.180719 0.000000 0.238416 0.187879
Sus_celebensis 0.246770 0.271624 0.265968 0.298449 0.244435 0.239091 0.282520 0.260105 0.237171 0.246614 0.291081 0.271675 0.240803 0.238416 0.000000 0.272921
Urotrichus_talpoides 0.183002 0.186478 0.187983 0.199191 0.194832 0.197426 0.198412 0.211643 0.190370 0.201785 0.201266 0.191875 0.178021 0.187879 0.272921 0.000000
