11
1 0.000000 0.087940 0.085213 0.085427 0.155779 0.105528 0.125628 0.115578 0.095477 0.095000 0.092500
2 0.090452 0.000000 0.060150 0.060302 0.130653 0.080402 0.103015 0.090452 0.070352 0.082500 0.070000
3 0.085213 0.060150 0.000000 0.040100 0.110276 0.060150 0.097744 0.070175 0.050125 0.060000 0.047500
4 0.085427 0.060302 0.040100 0.000000 0.110553 0.060302 0.097990 0.070352 0.050251 0.062500 0.050000
5 0.155779 0.130653 0.110276 0.110553 0.000000 0.130653 0.150754 0.133166 0.120603 0.135000 0.120000
6 0.105528 0.080402 0.060150 0.060302 0.130653 0.000000 0.118090 0.070352 0.050251 0.082500 0.050000
7 0.125628 0.103015 0.097744 0.097990 0.150754 0.118090 0.000000 0.130653 0.108040 0.107500 0.110000
8 0.115578 0.090452 0.070175 0.070352 0.133166 0.070352 0.130653 0.000000 0.060302 0.095000 0.060000
9 0.095477 0.070352 0.050125 0.050251 0.120603 0.050251 0.108040 0.060302 0.000000 0.072500 0.040000
10 0.095000 0.082500 0.060000 0.062500 0.135000 0.082500 0.107500 0.092500 0.072500 0.000000 0.065000
11 0.092500 0.072500 0.047500 0.050000 0.122500 0.050000 0.110000 0.062500 0.040000 0.067500 0.000000
