11
1 0.000000 0.615385 0.612732 0.591512 0.605820 0.607427 0.607427 0.605820 0.607427 0.620053 0.592593
2 0.607427 0.000000 0.318302 0.331565 0.399471 0.334218 0.278515 0.304233 0.355438 0.237467 0.333333
3 0.610080 0.318302 0.000000 0.336870 0.415344 0.302387 0.275862 0.309524 0.371353 0.232190 0.338624
4 0.594164 0.331565 0.336870 0.000000 0.219577 0.310345 0.350133 0.370370 0.159151 0.284960 0.047619
5 0.608466 0.399471 0.415344 0.222222 0.000000 0.386243 0.399471 0.410053 0.142857 0.343008 0.208995
6 0.607427 0.334218 0.302387 0.312997 0.386243 0.000000 0.294430 0.349206 0.339523 0.277045 0.312169
7 0.607427 0.278515 0.275862 0.352785 0.399471 0.294430 0.000000 0.256614 0.366048 0.224274 0.354497
8 0.605820 0.304233 0.309524 0.373016 0.410053 0.349206 0.256614 0.000000 0.394180 0.277045 0.365079
9 0.607427 0.355438 0.371353 0.161804 0.145503 0.339523 0.366048 0.394180 0.000000 0.303430 0.150794
10 0.620053 0.237467 0.232190 0.284960 0.343008 0.277045 0.224274 0.277045 0.303430 0.000000 0.282322
11 0.597884 0.333333 0.338624 0.050265 0.208995 0.312169 0.354497 0.365079 0.150794 0.282322 0.000000
