11
1 0.000000 0.180905 0.150376 0.160804 0.150754 0.160804 0.150754 0.160804 0.183417 0.152500 0.147500
2 0.180905 0.000000 0.080201 0.070352 0.080402 0.090452 0.080402 0.090452 0.090452 0.082500 0.080000
3 0.150376 0.080201 0.000000 0.050125 0.040100 0.050125 0.040100 0.050125 0.070175 0.040000 0.037500
4 0.160804 0.070352 0.050125 0.000000 0.050251 0.060302 0.050251 0.060302 0.060302 0.052500 0.050000
5 0.150754 0.080402 0.040100 0.050251 0.000000 0.050251 0.040201 0.050251 0.070352 0.042500 0.040000
6 0.160804 0.090452 0.050125 0.060302 0.050251 0.000000 0.050251 0.060302 0.080402 0.052500 0.050000
7 0.150754 0.080402 0.040100 0.050251 0.040201 0.050251 0.000000 0.050251 0.070352 0.042500 0.040000
8 0.160804 0.090452 0.050125 0.060302 0.050251 0.060302 0.050251 0.000000 0.080402 0.052500 0.050000
9 0.183417 0.090452 0.070175 0.060302 0.070352 0.080402 0.070352 0.080402 0.000000 0.072500 0.070000
10 0.152500 0.082500 0.040000 0.052500 0.042500 0.052500 0.042500 0.052500 0.072500 0.000000 0.035000
11 0.150000 0.082500 0.037500 0.050000 0.040000 0.050000 0.040000 0.050000 0.072500 0.037500 0.000000
