compatibilityTable_LtoL
          PValue   MrBaye   7Zip     Mfc1     Mfc2    
 PValue  0.000000 16.000000 8.000000 44.000000 46.000000 
 MrBaye  16.000000 0.000000 14.000000 52.000000 52.000000 
 7Zip    8.000000 14.000000 0.000000 46.000000 46.000000 
 Mfc1    44.000000 52.000000 46.000000 0.000000 12.000000 
 Mfc2    46.000000 52.000000 46.000000 12.000000 0.000000 


compatibilityTable_IQtoIQ
          PValue   MrBaye   7Zip     Mfc1     Mfc2    
 PValue  0.000000 0.000000 0.000000 0.000000 0.000000 
 MrBaye  0.000000 0.000000 0.000000 0.000000 0.000000 
 7Zip    0.000000 0.000000 0.000000 0.000000 0.000000 
 Mfc1    0.000000 0.000000 0.000000 0.000000 0.000000 
 Mfc2    0.000000 0.000000 0.000000 0.000000 0.000000 


new_compatibilityTable_LtoL
          PValue   MrBaye   7Zip     Mfc1     Mfc2    
 PValue  0.000000 0.072072 0.036036 0.198198 0.207207 
 MrBaye  0.072072 0.000000 0.063063 0.234234 0.234234 
 7Zip    0.036036 0.063063 0.000000 0.207207 0.207207 
 Mfc1    0.198198 0.234234 0.207207 0.000000 0.054054 
 Mfc2    0.207207 0.234234 0.207207 0.054054 0.000000 


new_compatibilityTable_IQtoIQ
          PValue   MrBaye   7Zip     Mfc1     Mfc2    
 PValue  0.000000 0.000000 0.000000 0.000000 0.000000 
 MrBaye  0.000000 0.000000 0.000000 0.000000 0.000000 
 7Zip    0.000000 0.000000 0.000000 0.000000 0.000000 
 Mfc1    0.000000 0.000000 0.000000 0.000000 0.000000 
 Mfc2    0.000000 0.000000 0.000000 0.000000 0.000000 


