compatibilityTable_LtoL
          PValue   MrBaye   7Zip     Mfc1     Mfc2    
 PValue  0.000000 50.000000 34.000000 68.000000 66.000000 
 MrBaye  50.000000 0.000000 58.000000 72.000000 70.000000 
 7Zip    34.000000 58.000000 0.000000 72.000000 70.000000 
 Mfc1    68.000000 72.000000 72.000000 0.000000 10.000000 
 Mfc2    66.000000 70.000000 70.000000 10.000000 0.000000 


new_compatibilityTable_LtoL
          PValue   MrBaye   7Zip     Mfc1     Mfc2    
 PValue  0.000000 0.294118 0.200000 0.400000 0.388235 
 MrBaye  0.294118 0.000000 0.341176 0.423529 0.411765 
 7Zip    0.200000 0.341176 0.000000 0.423529 0.411765 
 Mfc1    0.400000 0.423529 0.423529 0.000000 0.058824 
 Mfc2    0.388235 0.411765 0.411765 0.058824 0.000000 


